Na 0 0 0 0.822061
Cl 0 0 2.8 -0.822061
Na 0 0 5.6 0.822061
Cl 0 2.8 0 -0.822061
Na 0 2.8 2.8 0.822061
Cl 0 2.8 5.6 -0.822061
Na 0 5.6 0 0.822061
Cl 0 5.6 2.8 -0.822061
Na 0 5.6 5.6 0.822061
Cl 2.8 0 0 -0.822061
Na 2.8 0 2.8 0.822061
Cl 2.8 0 5.6 -0.822061
Na 2.8 2.8 0 0.822061
Cl 2.8 2.8 2.8 -0.822061
Na 2.8 2.8 5.6 0.822061
Cl 2.8 5.6 0 -0.822061
Na 2.8 5.6 2.8 0.822061
Cl 2.8 5.6 5.6 -0.822061
Na 5.6 0 0 0.822061
Cl 5.6 0 2.8 -0.822061
Na 5.6 0 5.6 0.822061
Cl 5.6 2.8 0 -0.822061
Na 5.6 2.8 2.8 0.822061
Cl 5.6 2.8 5.6 -0.822061
Na 5.6 5.6 0 0.822061
Cl 5.6 5.6 2.8 -0.822061
Na 5.6 5.6 5.6 0.822061
H 0.395136164865 9.87255164704 -9.66356020087 0.41
O 1.35513616486 9.87255164704 -9.66356020087 -0.82
H 1.11477136097 10.8019733818 -9.66356020087 0.41
H 2.84654694419 10.995997289 9.42878198303 0.41
O 3.80654694419 10.995997289 9.42878198303 -0.82
H 3.5661821403 11.9254190238 9.42878198303 0.41
H -10.9300558763 -8.16898769632 8.13637562161 0.41
O -9.97005587632 -8.16898769632 8.13637562161 -0.82
H -10.2104206802 -7.23956596155 8.13637562161 0.41
H 1.41101778393 8.1468099331 -4.8092087596 0.41
O 2.37101778393 8.1468099331 -4.8092087596 -0.82
H 2.13065298003 9.07623166787 -4.8092087596 0.41
H 4.39653839979 -6.77202874733 8.51712099019 0.41
O 5.35653839979 -6.77202874733 8.51712099019 -0.82
H 5.11617359589 -5.84260701256 8.51712099019 0.41
H -7.27815977314 6.48845229755 8.73005468382 0.41
O -6.31815977314 6.48845229755 8.73005468382 -0.82
H -6.55852457703 7.41787403231 8.73005468382 0.41
H 7.50239331652 -10.314873071 8.60610149492 0.41
O 8.46239331652 -10.314873071 8.60610149492 -0.82
H 8.22202851263 -9.38545133624 8.60610149492 0.41
H -5.8804198455 4.43528487563 -7.93255032538 0.41
O -4.9204198455 4.43528487563 -7.93255032538 -0.82
H -5.16078464939 5.36470661039 -7.93255032538 0.41
H -9.37127844595 -10.7347254665 -10.5142706299 0.41
O -8.41127844595 -10.7347254665 -10.5142706299 -0.82
H -8.65164324984 -9.80530373171 -10.5142706299 0.41
H 9.69363650581 4.71273372548 -8.19025828398 0.41
O 10.6536365058 4.71273372548 -8.19025828398 -0.82
H 10.4132717019 5.64215546024 -8.19025828398 0.41
H 5.44160044266 1.2228828655 -8.91963176746 0.41
O 6.40160044266 1.2228828655 -8.91963176746 -0.82
H 6.16123563876 2.15230460026 -8.91963176746 0.41
H -9.53893560075 6.58372977171 -3.50342843318 0.41
O -8.57893560075 6.58372977171 -3.50342843318 -0.82
H -8.81930040464 7.51315150647 -3.50342843318 0.41
H -10.2147548586 -9.40862232348 9.04064726075 0.41
O -9.2547548586 -9.40862232348 9.04064726075 -0.82
H -9.49511966249 -8.47920058871 9.04064726075 0.41
H -7.07100174712 4.67653057125 -0.183175564696 0.41
O -6.11100174712 4.67653057125 -0.183175564696 -0.82
H -6.35136655101 5.60595230601 -0.183175564696 0.41
H 9.77795191145 1.36537363605 -9.37861513379 0.41
O 10.7379519115 1.36537363605 -9.37861513379 -0.82
H 10.4975871076 2.29479537081 -9.37861513379 0.41
H -7.61465330787 -7.14649482666 -2.50994940747 0.41
O -6.65465330787 -7.14649482666 -2.50994940747 -0.82
H -6.89501811176 -6.2170730919 -2.50994940747 0.41
H 10.9976972636 4.3839666157 -10.6368581705 0.41
O 11.9576972636 4.3839666157 -10.6368581705 -0.82
H 11.7173324597 5.31338835047 -10.6368581705 0.41
H -10.996179237 -10.9915131692 -7.53389544256 0.41
O -10.036179237 -10.9915131692 -7.53389544256 -0.82
H -10.2765440409 -10.0620914344 -7.53389544256 0.41
H 5.04263509594 10.6476371235 -3.36933850727 0.41
O 6.00263509594 10.6476371235 -3.36933850727 -0.82
H 5.76227029205 11.5770588583 -3.36933850727 0.41
H 5.94970897098 -8.73105448118 2.34487831412 0.41
O 6.90970897098 -8.73105448118 2.34487831412 -0.82
H 6.66934416708 -7.80163274642 2.34487831412 0.41
H 8.49305661318 -8.05136649579 10.3269571116 0.41
O 9.45305661318 -8.05136649579 10.3269571116 -0.82
H 9.21269180929 -7.12194476103 10.3269571116 0.41
H -8.41501997377 -8.75041586535 8.58604621045 0.41
O -7.45501997377 -8.75041586535 8.58604621045 -0.82
H -7.69538477766 -7.82099413059 8.58604621045 0.41
H -10.5950510704 -10.1384784787 -7.0913591565 0.41
O -9.63505107039 -10.1384784787 -7.0913591565 -0.82
H -9.87541587429 -9.20905674394 -7.0913591565 0.41
H 6.31529548809 7.84266041339 8.02629842986 0.41
O 7.27529548809 7.84266041339 8.02629842986 -0.82
H 7.0349306842 8.77208214815 8.02629842986 0.41
H 8.51611964322 -8.56041852801 3.42347052833 0.41
O 9.47611964322 -8.56041852801 3.42347052833 -0.82
H 9.23575483932 -7.63099679325 3.42347052833 0.41
H -0.82258435634 9.9699691693 5.52305621926 0.41
O 0.13741564366 9.9699691693 5.52305621926 -0.82
H -0.102949160232 10.8993909041 5.52305621926 0.41
H -7.33495218266 -3.05810005965 -8.37434730847 0.41
O -6.37495218266 -3.05810005965 -8.37434730847 -0.82
H -6.61531698655 -2.12867832488 -8.37434730847 0.41
H -0.741472987341 -9.40682830029 -10.7015719501 0.41
O 0.218527012659 -9.40682830029 -10.7015719501 -0.82
H -0.0218377912331 -8.47740656553 -10.7015719501 0.41
H 0.930772243288 -9.50004180438 9.24289396703 0.41
O 1.89077224329 -9.50004180438 9.24289396703 -0.82
H 1.6504074394 -8.57062006962 9.24289396703 0.41
H -8.27099638696 3.48714559712 -7.65171465099 0.41
O -7.31099638696 3.48714559712 -7.65171465099 -0.82
H -7.55136119086 4.41656733188 -7.65171465099 0.41
H -6.0426781946 -4.58417710907 -10.6784007439 0.41
O -5.0826781946 -4.58417710907 -10.6784007439 -0.82
H -5.32304299849 -3.6547553743 -10.6784007439 0.41
H 9.83974826415 -0.926693867691 -1.36329883424 0.41
O 10.7997482642 -0.926693867691 -1.36329883424 -0.82
H 10.5593834603 0.00272786707152 -1.36329883424 0.41
H 7.71559855581 -4.48002137878 -6.56606776189 0.41
O 8.67559855581 -4.48002137878 -6.56606776189 -0.82
H 8.43523375192 -3.55059964402 -6.56606776189 0.41
H 4.55030586779 -8.39654521677 -9.93836807882 0.41
O 5.51030586779 -8.39654521677 -9.93836807882 -0.82
H 5.2699410639 -7.46712348201 -9.93836807882 0.41
H 1.96398826633 -8.81047226567 -6.61027618074 0.41
O 2.92398826633 -8.81047226567 -6.61027618074 -0.82
H 2.68362346244 -7.88105053091 -6.61027618074 0.41
H -10.2562638681 -9.54772004586 -10.362217676 0.41
O -9.29626386811 -9.54772004586 -10.362217676 -0.82
H -9.536628672 -8.6182983111 -10.362217676 0.41
H 10.5606589164 -5.48536701645 7.16468866175 0.41
O 11.5206589164 -5.48536701645 7.16468866175 -0.82
H 11.2802941125 -4.55594528169 7.16468866175 0.41
H -7.71630792332 0.804627273978 7.6994395759 0.41
O -6.75630792332 0.804627273978 7.6994395759 -0.82
H -6.99667272721 1.73404900874 7.6994395759 0.41
H 2.59017920579 -7.04097996865 -9.61703528277 0.41
O 3.55017920579 -7.04097996865 -9.61703528277 -0.82
H 3.3098144019 -6.11155823389 -9.61703528277 0.41
H -10.0842007178 -9.05351540878 7.47091962181 0.41
O -9.12420071782 -9.05351540878 7.47091962181 -0.82
H -9.36456552171 -8.12409367402 7.47091962181 0.41
H 1.98042890624 -1.00668167112 -9.23858539821 0.41
O 2.94042890624 -1.00668167112 -9.23858539821 -0.82
H 2.70006410235 -0.0772599363572 -9.23858539821 0.41
H -3.56454968837 9.06217211402 2.26364564715 0.41
O -2.60454968837 9.06217211402 2.26364564715 -0.82
H -2.84491449226 9.99159384878 2.26364564715 0.41
H 5.41328508149 -10.3058535951 8.92792903078 0.41
O 6.37328508149 -10.3058535951 8.92792903078 -0.82
H 6.1329202776 -9.3764318603 8.92792903078 0.41
H 10.2012472971 6.45595668231 5.4238277925 0.41
O 11.1612472971 6.45595668231 5.4238277925 -0.82
H 10.9208824932 7.38537841708 5.4238277925 0.41
H 10.5721921329 -10.3396949427 -7.80192064922 0.41
O 11.5321921329 -10.3396949427 -7.80192064922 -0.82
H 11.291827329 -9.41027320795 -7.80192064922 0.41
H 9.95788208821 -9.22478190317 6.76235095716 0.41
O 10.9178820882 -9.22478190317 6.76235095716 -0.82
H 10.6775172843 -8.29536016841 6.76235095716 0.41
H -9.06408432603 -5.75354831369 7.44924741447 0.41
O -8.10408432603 -5.75354831369 7.44924741447 -0.82
H -8.34444912992 -4.82412657893 7.44924741447 0.41
H -0.578959359678 3.2974663706 9.14879823791 0.41
O 0.381040640322 3.2974663706 9.14879823791 -0.82
H 0.14067583643 4.22688810536 9.14879823791 0.41
H 0.926458702481 -2.70323413038 8.03803078039 0.41
O 1.88645870248 -2.70323413038 8.03803078039 -0.82
H 1.64609389859 -1.77381239562 8.03803078039 0.41
H 10.981157443 -1.51050178187 -7.61026359945 0.41
O 11.941157443 -1.51050178187 -7.61026359945 -0.82
H 11.7007926391 -0.581080047106 -7.61026359945 0.41
H 6.01832465098 4.46566370504 7.93812241201 0.41
O 6.97832465098 4.46566370504 7.93812241201 -0.82
H 6.73795984709 5.3950854398 7.93812241201 0.41
H 8.57565047097 0.756206156766 4.86137696176 0.41
O 9.53565047097 0.756206156766 4.86137696176 -0.82
H 9.29528566708 1.68562789153 4.86137696176 0.41
H -5.74891190174 5.25511073574 8.63158294746 0.41
O -4.78891190174 5.25511073574 8.63158294746 -0.82
H -5.02927670563 6.18453247051 8.63158294746 0.41
H -9.2418433111 -10.5245057359 10.4129131478 0.41
O -8.2818433111 -10.5245057359 10.4129131478 -0.82
H -8.52220811499 -9.59508400114 10.4129131478 0.41
H 3.16788210539 2.06634998431 10.4150973772 0.41
O 4.12788210539 2.06634998431 10.4150973772 -0.82
H 3.8875173015 2.99577171908 10.4150973772 0.41
H -0.359285569011 -9.35821472501 0.311620606197 0.41
O 0.600714430989 -9.35821472501 0.311620606197 -0.82
H 0.360349627096 -8.42879299024 0.311620606197 0.41
H -9.50838698999 6.41827145249 7.61096810471 0.41
O -8.54838698999 6.41827145249 7.61096810471 -0.82
H -8.78875179389 7.34769318725 7.61096810471 0.41
H -1.80047711237 -8.56753295291 -9.40465400065 0.41
O -0.840477112366 -8.56753295291 -9.40465400065 -0.82
H -1.08084191626 -7.63811121814 -9.40465400065 0.41
H 8.1571361587 7.10831142215 3.70045485823 0.41
O 9.1171361587 7.10831142215 3.70045485823 -0.82
H 8.87677135481 8.03773315691 3.70045485823 0.41
H 7.19951388427 1.63180826641 0.969280589937 0.41
O 8.15951388427 1.63180826641 0.969280589937 -0.82
H 7.91914908037 2.56123000118 0.969280589937 0.41
H -9.14028211157 -10.7864144321 2.7123431233 0.41
O -8.18028211157 -10.7864144321 2.7123431233 -0.82
H -8.42064691546 -9.85699269729 2.7123431233 0.41
H 8.14889770498 9.74619021395 7.97265999304 0.41
O 9.10889770498 9.74619021395 7.97265999304 -0.82
H 8.86853290109 10.6756119487 7.97265999304 0.41
H -10.9784184659 -1.32360096394 8.42109836768 0.41
O -10.0184184659 -1.32360096394 8.42109836768 -0.82
H -10.2587832698 -0.394179229173 8.42109836768 0.41
H -2.94271051832 -9.75321088922 1.81070156645 0.41
O -1.98271051832 -9.75321088922 1.81070156645 -0.82
H -2.22307532221 -8.82378915446 1.81070156645 0.41
H -6.5939498122 -0.991604134228 -10.803995181 0.41
O -5.6339498122 -0.991604134228 -10.803995181 -0.82
H -5.87431461609 -0.0621823994652 -10.803995181 0.41
H 0.294412376496 -3.07994205572 -9.99655977895 0.41
O 1.2544123765 -3.07994205572 -9.99655977895 -0.82
H 1.0140475726 -2.15052032096 -9.99655977895 0.41
H 0.481975264344 8.0495526343 8.38454589996 0.41
O 1.44197526434 8.0495526343 8.38454589996 -0.82
H 1.20161046045 8.97897436907 8.38454589996 0.41
H -9.85115653755 1.53242701057 6.59037142461 0.41
O -8.89115653755 1.53242701057 6.59037142461 -0.82
H -9.13152134144 2.46184874534 6.59037142461 0.41
H -4.16799892322 7.29990767915 6.50961228705 0.41
O -3.20799892322 7.29990767915 6.50961228705 -0.82
H -3.44836372711 8.22932941391 6.50961228705 0.41
H -8.76839095651 5.58178296819 7.95184814944 0.41
O -7.80839095651 5.58178296819 7.95184814944 -0.82
H -8.0487557604 6.51120470296 7.95184814944 0.41
H 8.20338117437 4.61283893816 -7.96042863162 0.41
O 9.16338117437 4.61283893816 -7.96042863162 -0.82
H 8.92301637048 5.54226067293 -7.96042863162 0.41
H 9.05264070779 -9.98753921095 5.16574561209 0.41
O 10.0126407078 -9.98753921095 5.16574561209 -0.82
H 9.7722759039 -9.05811747618 5.16574561209 0.41
H 3.72425753627 5.90087249679 -7.70774818524 0.41
O 4.68425753627 5.90087249679 -7.70774818524 -0.82
H 4.44389273238 6.83029423155 -7.70774818524 0.41
H -7.07669720976 -9.38994756015 -10.0031993381 0.41
O -6.11669720976 -9.38994756015 -10.0031993381 -0.82
H -6.35706201366 -8.46052582538 -10.0031993381 0.41
H 10.8374272281 8.95279296322 -3.96256046991 0.41
O 11.7974272281 8.95279296322 -3.96256046991 -0.82
H 11.5570624242 9.88221469799 -3.96256046991 0.41
H 7.54195682367 7.21940747835 -9.0954607654 0.41
O 8.50195682367 7.21940747835 -9.0954607654 -0.82
H 8.26159201977 8.14882921311 -9.0954607654 0.41
H -2.35280207472 10.8446808916 -10.0106872545 0.41
O -1.39280207472 10.8446808916 -10.0106872545 -0.82
H -1.63316687862 11.7741026264 -10.0106872545 0.41
H -9.90220635702 5.4802729723 10.2415628317 0.41
O -8.94220635702 5.4802729723 10.2415628317 -0.82
H -9.18257116091 6.40969470706 10.2415628317 0.41
H 2.88379904873 9.50581562975 -3.8280777534 0.41
O 3.84379904873 9.50581562975 -3.8280777534 -0.82
H 3.60343424484 10.4352373645 -3.8280777534 0.41
H -9.06107306936 -7.4183764364 -6.20266706147 0.41
O -8.10107306936 -7.4183764364 -6.20266706147 -0.82
H -8.34143787325 -6.48895470163 -6.20266706147 0.41
H 4.1864207846 -10.9748887749 -10.8076243483 0.41
O 5.1464207846 -10.9748887749 -10.8076243483 -0.82
H 4.90605598071 -10.0454670401 -10.8076243483 0.41
H -6.41196662683 4.34292723996 -10.8891056175 0.41
O -5.45196662683 4.34292723996 -10.8891056175 -0.82
H -5.69233143072 5.27234897472 -10.8891056175 0.41
H 8.6625143239 1.5456372325 -2.53766642053 0.41
O 9.6225143239 1.5456372325 -2.53766642053 -0.82
H 9.38214952001 2.47505896726 -2.53766642053 0.41
H 7.77009604806 4.0601855632 -0.561110174369 0.41
O 8.73009604806 4.0601855632 -0.561110174369 -0.82
H 8.48973124417 4.98960729797 -0.561110174369 0.41
H 4.76989338769 -10.5909796646 8.57101243433 0.41
O 5.72989338769 -10.5909796646 8.57101243433 -0.82
H 5.4895285838 -9.66155792981 8.57101243433 0.41
H 4.44146830011 7.97050238246 8.44453136198 0.41
O 5.40146830011 7.97050238246 8.44453136198 -0.82
H 5.16110349622 8.89992411722 8.44453136198 0.41
H 8.73024168118 7.28208132172 3.52088520151 0.41
O 9.69024168118 7.28208132172 3.52088520151 -0.82
H 9.44987687729 8.21150305648 3.52088520151 0.41
H 9.59407748755 -8.19859340686 0.817683913461 0.41
O 10.5540774875 -8.19859340686 0.817683913461 -0.82
H 10.3137126837 -7.2691716721 0.817683913461 0.41
H 7.8501669493 -10.4712038213 -5.68801869124 0.41
O 8.8101669493 -10.4712038213 -5.68801869124 -0.82
H 8.56980214541 -9.5417820865 -5.68801869124 0.41
H -4.13446735684 -0.410199503554 -8.65422182754 0.41
O -3.17446735684 -0.410199503554 -8.65422182754 -0.82
H -3.41483216074 0.519222231209 -8.65422182754 0.41
H -1.41798862866 -7.5231886552 -10.530868485 0.41
O -0.457988628663 -7.5231886552 -10.530868485 -0.82
H -0.698353432555 -6.59376692044 -10.530868485 0.41
H -8.55735357154 5.77679124318 -6.85616069659 0.41
O -7.59735357154 5.77679124318 -6.85616069659 -0.82
H -7.83771837543 6.70621297794 -6.85616069659 0.41
H 1.01640956657 2.46924902242 -10.5524446361 0.41
O 1.97640956657 2.46924902242 -10.5524446361 -0.82
H 1.73604476268 3.39867075718 -10.5524446361 0.41
H 1.70560590345 -0.855216439788 -10.5269387024 0.41
O 2.66560590345 -0.855216439788 -10.5269387024 -0.82
H 2.42524109956 0.0742052949751 -10.5269387024 0.41
H 10.5955115265 -8.37713729321 -8.039437524 0.41
O 11.5555115265 -8.37713729321 -8.039437524 -0.82
H 11.3151467226 -7.44771555844 -8.039437524 0.41
H -8.02269516558 2.95718855352 -9.68471431656 0.41
O -7.06269516558 2.95718855352 -9.68471431656 -0.82
H -7.30305996947 3.88661028828 -9.68471431656 0.41
H 1.54557958367 8.83628871234 1.27467840943 0.41
O 2.50557958367 8.83628871234 1.27467840943 -0.82
H 2.26521477978 9.76571044711 1.27467840943 0.41
H -9.5582365656 -0.176578885729 -10.9984827696 0.41
O -8.5982365656 -0.176578885729 -10.9984827696 -0.82
H -8.83860136949 0.752842849034 -10.9984827696 0.41
H -0.102841405291 6.87350518741 9.87482873426 0.41
O 0.857158594709 6.87350518741 9.87482873426 -0.82
H 0.616793790817 7.80292692217 9.87482873426 0.41
H 9.89540124262 -9.24374840399 -7.87086875502 0.41
O 10.8554012426 -9.24374840399 -7.87086875502 -0.82
H 10.6150364387 -8.31432666923 -7.87086875502 0.41
H 10.6295249818 -7.05089119344 -6.89099909796 0.41
O 11.5895249818 -7.05089119344 -6.89099909796 -0.82
H 11.3491601779 -6.12146945868 -6.89099909796 0.41
H 8.47830889047 0.590586615907 0.594872783638 0.41
O 9.43830889047 0.590586615907 0.594872783638 -0.82
H 9.19794408657 1.52000835067 0.594872783638 0.41
H -7.38804365695 -9.02380585985 -10.476968148 0.41
O -6.42804365695 -9.02380585985 -10.476968148 -0.82
H -6.66840846085 -8.09438412508 -10.476968148 0.41
H -5.86857880847 -7.96168294184 9.68665691575 0.41
O -4.90857880847 -7.96168294184 9.68665691575 -0.82
H -5.14894361237 -7.03226120707 9.68665691575 0.41
H 9.37382986015 -9.6962035896 -4.7807968087 0.41
O 10.3338298602 -9.6962035896 -4.7807968087 -0.82
H 10.0934650563 -8.76678185483 -4.7807968087 0.41
H -10.2950990445 6.59363343373 -6.8979697965 0.41
O -9.33509904454 6.59363343373 -6.8979697965 -0.82
H -9.57546384843 7.5230551685 -6.8979697965 0.41
H -10.3479489062 -8.78037398544 5.49711590486 0.41
O -9.3879489062 -8.78037398544 5.49711590486 -0.82
H -9.62831371009 -7.85095225068 5.49711590486 0.41
H 3.23263520724 -10.3849064714 -6.02098803554 0.41
O 4.19263520724 -10.3849064714 -6.02098803554 -0.82
H 3.95227040335 -9.45548473661 -6.02098803554 0.41
H 8.60187440814 10.7740289347 -0.0460576477977 0.41
O 9.56187440814 10.7740289347 -0.0460576477977 -0.82
H 9.32150960425 11.7034506695 -0.0460576477977 0.41
H -10.825572996 0.894490566822 -9.96530176732 0.41
O -9.86557299604 0.894490566822 -9.96530176732 -0.82
H -10.1059377999 1.82391230158 -9.96530176732 0.41
H 8.47897463834 -6.06742216802 3.75741374129 0.41
O 9.43897463834 -6.06742216802 3.75741374129 -0.82
H 9.19860983445 -5.13800043325 3.75741374129 0.41
H 2.90634402716 -7.97628747686 -7.21481100329 0.41
O 3.86634402716 -7.97628747686 -7.21481100329 -0.82
H 3.62597922326 -7.04686574209 -7.21481100329 0.41
H 7.37263280576 2.67048160636 9.49590584798 0.41
O 8.33263280576 2.67048160636 9.49590584798 -0.82
H 8.09226800186 3.59990334112 9.49590584798 0.41
H 9.056428323 -7.92566947323 -1.82467131198 0.41
O 10.016428323 -7.92566947323 -1.82467131198 -0.82
H 9.77606351911 -6.99624773847 -1.82467131198 0.41
H -0.161196457649 -2.4244603297 8.06781552625 0.41
O 0.798803542351 -2.4244603297 8.06781552625 -0.82
H 0.558438738459 -1.49503859494 8.06781552625 0.41
H -7.57914863777 -7.26141266366 -9.55764899383 0.41
O -6.61914863777 -7.26141266366 -9.55764899383 -0.82
H -6.85951344166 -6.3319909289 -9.55764899383 0.41
H -9.23459334432 -8.52675214335 4.18646286127 0.41
O -8.27459334432 -8.52675214335 4.18646286127 -0.82
H -8.51495814821 -7.59733040858 4.18646286127 0.41
H 2.03010417491 -0.20487505199 -10.8401373766 0.41
O 2.99010417491 -0.20487505199 -10.8401373766 -0.82
H 2.74973937102 0.724546682773 -10.8401373766 0.41
H 1.16365175068 10.1203621791 4.17098899325 0.41
O 2.12365175068 10.1203621791 4.17098899325 -0.82
H 1.88328694679 11.0497839139 4.17098899325 0.41
H -7.06858877489 -7.35201971804 -1.12461938402 0.41
O -6.10858877489 -7.35201971804 -1.12461938402 -0.82
H -6.34895357878 -6.42259798328 -1.12461938402 0.41
H 0.408679302832 -8.35261265981 -8.05591831066 0.41
O 1.36867930283 -8.35261265981 -8.05591831066 -0.82
H 1.12831449894 -7.42319092505 -8.05591831066 0.41
H -8.14872208892 9.87545515971 2.87777058693 0.41
O -7.18872208892 9.87545515971 2.87777058693 -0.82
H -7.42908689281 10.8048768945 2.87777058693 0.41
H 2.92069157678 8.03747815431 -7.85509448947 0.41
O 3.88069157678 8.03747815431 -7.85509448947 -0.82
H 3.64032677289 8.96689988907 -7.85509448947 0.41
H -8.35659607313 0.630213730415 2.24946977236 0.41
O -7.39659607313 0.630213730415 2.24946977236 -0.82
H -7.63696087702 1.55963546518 2.24946977236 0.41
H -2.11370915977 -2.24572638918 -8.67675902185 0.41
O -1.15370915977 -2.24572638918 -8.67675902185 -0.82
H -1.39407396366 -1.31630465442 -8.67675902185 0.41
H 9.94066918913 -4.90688958003 -9.87464653175 0.41
O 10.9006691891 -4.90688958003 -9.87464653175 -0.82
H 10.6603043852 -3.97746784527 -9.87464653175 0.41
H 5.22963379467 -10.8098497336 -8.83622629659 0.41
O 6.18963379467 -10.8098497336 -8.83622629659 -0.82
H 5.94926899078 -9.88042799884 -8.83622629659 0.41
H 2.93655453569 -3.19257679862 -9.60058741124 0.41
O 3.89655453569 -3.19257679862 -9.60058741124 -0.82
H 3.6561897318 -2.26315506385 -9.60058741124 0.41
H -7.98869030683 -9.67936998424 -9.23133286954 0.41
O -7.02869030683 -9.67936998424 -9.23133286954 -0.82
H -7.26905511073 -8.74994824948 -9.23133286954 0.41
H 4.95641786572 8.11031593212 -10.8893877898 0.41
O 5.91641786572 8.11031593212 -10.8893877898 -0.82
H 5.67605306183 9.03973766688 -10.8893877898 0.41
H 7.51164877308 -6.30940835404 -10.6730574464 0.41
O 8.47164877308 -6.30940835404 -10.6730574464 -0.82
H 8.23128396918 -5.37998661928 -10.6730574464 0.41
H 1.85869628976 -10.6740496621 2.54597480167 0.41
O 2.81869628976 -10.6740496621 2.54597480167 -0.82
H 2.57833148586 -9.74462792736 2.54597480167 0.41
H -1.37791323898 -6.04029915867 7.72930848553 0.41
O -0.417913238977 -6.04029915867 7.72930848553 -0.82
H -0.658278042869 -5.11087742391 7.72930848553 0.41
H 2.61581623308 5.52775960451 -10.4664120569 0.41
O 3.57581623308 5.52775960451 -10.4664120569 -0.82
H 3.33545142919 6.45718133927 -10.4664120569 0.41
H 1.0484578346 10.0807063389 9.63111143407 0.41
O 2.0084578346 10.0807063389 9.63111143407 -0.82
H 1.7680930307 11.0101280736 9.63111143407 0.41
H 0.498229849937 -7.50162465245 0.324007951794 0.41
O 1.45822984994 -7.50162465245 0.324007951794 -0.82
H 1.21786504604 -6.57220291769 0.324007951794 0.41
H 4.54400920498 9.95963008151 8.08109554138 0.41
O 5.50400920498 9.95963008151 8.08109554138 -0.82
H 5.26364440109 10.8890518163 8.08109554138 0.41
H 9.14566491627 -8.05865585437 -3.66638180809 0.41
O 10.1056649163 -8.05865585437 -3.66638180809 -0.82
H 9.86530011237 -7.12923411961 -3.66638180809 0.41
H -3.08389259881 -0.848621331396 9.4703741421 0.41
O -2.12389259881 -0.848621331396 9.4703741421 -0.82
H -2.3642574027 0.0808004033668 9.4703741421 0.41
H 8.47649413323 3.31655098411 6.02137537739 0.41
O 9.43649413323 3.31655098411 6.02137537739 -0.82
H 9.19612932934 4.24597271887 6.02137537739 0.41
H 10.801134435 4.88742385838 8.75836661063 0.41
O 11.761134435 4.88742385838 8.75836661063 -0.82
H 11.5207696311 5.81684559315 8.75836661063 0.41
H -10.0391218125 -8.20268502112 -8.11273454643 0.41
O -9.07912181251 -8.20268502112 -8.11273454643 -0.82
H -9.3194866164 -7.27326328635 -8.11273454643 0.41
H 3.00152297322 9.90036628342 0.990510834555 0.41
O 3.96152297322 9.90036628342 0.990510834555 -0.82
H 3.72115816933 10.8297880182 0.990510834555 0.41
H 3.89250439759 -9.16368173722 -0.211834696604 0.41
O 4.85250439759 -9.16368173722 -0.211834696604 -0.82
H 4.6121395937 -8.23426000246 -0.211834696604 0.41
H -5.67483454562 -5.6454702592 -7.69533404204 0.41
O -4.71483454562 -5.6454702592 -7.69533404204 -0.82
H -4.95519934952 -4.71604852444 -7.69533404204 0.41
H -10.0629984336 1.42826601333 5.45928848453 0.41
O -9.10299843357 1.42826601333 5.45928848453 -0.82
H -9.34336323747 2.3576877481 5.45928848453 0.41
H 7.138820216 -0.620749975412 -8.93531529185 0.41
O 8.098820216 -0.620749975412 -8.93531529185 -0.82
H 7.8584554121 0.308671759351 -8.93531529185 0.41
H -3.37871235505 9.29281549848 -7.41163916348 0.41
O -2.41871235505 9.29281549848 -7.41163916348 -0.82
H -2.65907715894 10.2222372332 -7.41163916348 0.41
H 0.100368719482 5.85719391253 -7.35375384269 0.41
O 1.06036871948 5.85719391253 -7.35375384269 -0.82
H 0.820003915589 6.78661564729 -7.35375384269 0.41
H 4.82011700692 7.99975506402 -2.78358981536 0.41
O 5.78011700692 7.99975506402 -2.78358981536 -0.82
H 5.53975220302 8.92917679878 -2.78358981536 0.41
H -7.281894439 -4.47223140861 3.85695737231 0.41
O -6.321894439 -4.47223140861 3.85695737231 -0.82
H -6.56225924289 -3.54280967384 3.85695737231 0.41
H 3.85496533767 6.82404137137 8.76812059931 0.41
O 4.81496533767 6.82404137137 8.76812059931 -0.82
H 4.57460053377 7.75346310613 8.76812059931 0.41
H 3.03930826149 0.425990411994 -10.5132362419 0.41
O 3.99930826149 0.425990411994 -10.5132362419 -0.82
H 3.75894345759 1.35541214676 -10.5132362419 0.41
H -4.65032040124 -3.98888625709 -8.82167940409 0.41
O -3.69032040124 -3.98888625709 -8.82167940409 -0.82
H -3.93068520514 -3.05946452233 -8.82167940409 0.41
H -8.15330358855 -3.03595528471 -4.15829877247 0.41
O -7.19330358855 -3.03595528471 -4.15829877247 -0.82
H -7.43366839245 -2.10653354995 -4.15829877247 0.41
H -8.9091131473 -6.3529668699 -10.1395384765 0.41
O -7.9491131473 -6.3529668699 -10.1395384765 -0.82
H -8.18947795119 -5.42354513514 -10.1395384765 0.41
H -9.97018252554 5.5402000105 -4.95416445249 0.41
O -9.01018252554 5.5402000105 -4.95416445249 -0.82
H -9.25054732943 6.46962174527 -4.95416445249 0.41
H 2.26853171605 -10.8079842187 -5.64153196106 0.41
O 3.22853171605 -10.8079842187 -5.64153196106 -0.82
H 2.98816691216 -9.87856248399 -5.64153196106 0.41
H 9.38559902132 4.57156787257 10.7041388236 0.41
O 10.3455990213 4.57156787257 10.7041388236 -0.82
H 10.1052342174 5.50098960734 10.7041388236 0.41
H -1.32155991464 6.95517048284 -9.92689132855 0.41
O -0.361559914642 6.95517048284 -9.92689132855 -0.82
H -0.601924718535 7.8845922176 -9.92689132855 0.41
H -9.8462977509 -7.22610766512 -2.14654729773 0.41
O -8.8862977509 -7.22610766512 -2.14654729773 -0.82
H -9.12666255479 -6.29668593036 -2.14654729773 0.41
H 6.02388086371 10.6188908314 -0.134773142239 0.41
O 6.98388086371 10.6188908314 -0.134773142239 -0.82
H 6.74351605982 11.5483125662 -0.134773142239 0.41
H -2.43947011866 10.526815877 -8.53513063758 0.41
O -1.47947011866 10.526815877 -8.53513063758 -0.82
H -1.71983492255 11.4562376118 -8.53513063758 0.41
H 10.6653234227 10.5928144526 -4.27250355695 0.41
O 11.6253234227 10.5928144526 -4.27250355695 -0.82
H 11.3849586188 11.5222361874 -4.27250355695 0.41
H 1.55392564981 -0.499734649562 -9.68598599256 0.41
O 2.51392564981 -0.499734649562 -9.68598599256 -0.82
H 2.27356084592 0.429687085201 -9.68598599256 0.41
H 7.3881803649 -10.0070342446 -0.871954280816 0.41
O 8.3481803649 -10.0070342446 -0.871954280816 -0.82
H 8.10781556101 -9.07761250982 -0.871954280816 0.41
H -10.5390624007 6.11425991418 1.20769779971 0.41
O -9.57906240065 6.11425991418 1.20769779971 -0.82
H -9.81942720455 7.04368164894 1.20769779971 0.41
H 9.34380766725 -10.899076521 -6.76844801427 0.41
O 10.3038076673 -10.899076521 -6.76844801427 -0.82
H 10.0634428634 -9.9696547862 -6.76844801427 0.41
H 6.41324290618 -8.56248963512 -10.8583180045 0.41
O 7.37324290618 -8.56248963512 -10.8583180045 -0.82
H 7.13287810228 -7.63306790036 -10.8583180045 0.41
H -9.60623735409 -6.51163917783 3.53539624847 0.41
O -8.64623735409 -6.51163917783 3.53539624847 -0.82
H -8.88660215798 -5.58221744306 3.53539624847 0.41
H 8.93136331064 -0.76850834567 6.57407663116 0.41
O 9.89136331064 -0.76850834567 6.57407663116 -0.82
H 9.65099850675 0.160913389093 6.57407663116 0.41
H -6.5030962291 -5.17534192624 7.70265912974 0.41
O -5.5430962291 -5.17534192624 7.70265912974 -0.82
H -5.78346103299 -4.24592019147 7.70265912974 0.41
H -1.39348816026 -8.01857399709 -0.459897424848 0.41
O -0.433488160259 -8.01857399709 -0.459897424848 -0.82
H -0.673852964151 -7.08915226233 -0.459897424848 0.41
H -4.70209899776 9.84007187953 10.4775553752 0.41
O -3.74209899776 9.84007187953 10.4775553752 -0.82
H -3.98246380165 10.7694936143 10.4775553752 0.41
H 4.52639476156 8.26295490762 8.08965555507 0.41
O 5.48639476156 8.26295490762 8.08965555507 -0.82
H 5.24602995767 9.19237664238 8.08965555507 0.41
H -9.19201224761 -2.16029439051 9.59983802487 0.41
O -8.23201224761 -2.16029439051 9.59983802487 -0.82
H -8.4723770515 -1.23087265574 9.59983802487 0.41
H -7.35826170203 4.80003690182 -8.87540196896 0.41
O -6.39826170203 4.80003690182 -8.87540196896 -0.82
H -6.63862650593 5.72945863658 -8.87540196896 0.41
H -7.1980872892 -8.42469793852 7.32977911102 0.41
O -6.2380872892 -8.42469793852 7.32977911102 -0.82
H -6.47845209309 -7.49527620376 7.32977911102 0.41
H -10.5173646017 0.060232933974 7.91617790928 0.41
O -9.55736460168 0.060232933974 7.91617790928 -0.82
H -9.79772940557 0.989654668737 7.91617790928 0.41
H -7.16063560696 -8.25493729534 -3.78201384964 0.41
O -6.20063560696 -8.25493729534 -3.78201384964 -0.82
H -6.44100041085 -7.32551556058 -3.78201384964 0.41
H -10.8634372082 -5.64116195891 9.36367781223 0.41
O -9.90343720819 -5.64116195891 9.36367781223 -0.82
H -10.1438020121 -4.71174022415 9.36367781223 0.41
H -7.02224164244 -10.6065602048 -2.72527413467 0.41
O -6.06224164244 -10.6065602048 -2.72527413467 -0.82
H -6.30260644633 -9.67713847005 -2.72527413467 0.41
H -5.42223418595 -8.18651828285 7.74903116939 0.41
O -4.46223418595 -8.18651828285 7.74903116939 -0.82
H -4.70259898984 -7.25709654809 7.74903116939 0.41
H -7.13666139607 -3.19057468142 -10.438626426 0.41
O -6.17666139607 -3.19057468142 -10.438626426 -0.82
H -6.41702619996 -2.26115294666 -10.438626426 0.41
H -10.4499070418 9.06192511888 -8.20688648249 0.41
O -9.48990704181 9.06192511888 -8.20688648249 -0.82
H -9.73027184571 9.99134685365 -8.20688648249 0.41
H 4.58027246072 -6.84038038843 -10.0879355265 0.41
O 5.54027246072 -6.84038038843 -10.0879355265 -0.82
H 5.29990765682 -5.91095865367 -10.0879355265 0.41
H 3.84848908128 -5.52811473201 7.60007931221 0.41
O 4.80848908128 -5.52811473201 7.60007931221 -0.82
H 4.56812427739 -4.59869299725 7.60007931221 0.41
H -9.80007663586 3.97384832597 5.19400045825 0.41
O -8.84007663586 3.97384832597 5.19400045825 -0.82
H -9.08044143975 4.90327006073 5.19400045825 0.41
H 1.58499928147 8.5536280798 1.96233808035 0.41
O 2.54499928147 8.5536280798 1.96233808035 -0.82
H 2.30463447757 9.48304981456 1.96233808035 0.41
H -6.8909528836 8.9724694911 -5.1738760498 0.41
O -5.9309528836 8.9724694911 -5.1738760498 -0.82
H -6.17131768749 9.90189122586 -5.1738760498 0.41
H -7.91060362261 -1.86252614042 -0.732766931488 0.41
O -6.95060362261 -1.86252614042 -0.732766931488 -0.82
H -7.1909684265 -0.933104405662 -0.732766931488 0.41
H 7.0205260096 -3.54965362991 8.54521212452 0.41
O 7.9805260096 -3.54965362991 8.54521212452 -0.82
H 7.7401612057 -2.62023189515 8.54521212452 0.41
H -8.47322279098 7.30766987774 -8.43943989466 0.41
O -7.51322279098 7.30766987774 -8.43943989466 -0.82
H -7.75358759487 8.2370916125 -8.43943989466 0.41
H 8.18318931322 -0.580803996824 -4.66915507206 0.41
O 9.14318931322 -0.580803996824 -4.66915507206 -0.82
H 8.90282450933 0.348617737939 -4.66915507206 0.41
H -5.56545531429 7.68805964305 0.380096969014 0.41
O -4.60545531429 7.68805964305 0.380096969014 -0.82
H -4.84582011818 8.61748137781 0.380096969014 0.41
H 9.71853415289 -0.324824404571 -9.60340094282 0.41
O 10.6785341529 -0.324824404571 -9.60340094282 -0.82
H 10.438169349 0.604597330192 -9.60340094282 0.41
H -9.63629028904 -8.88871819619 2.71705223189 0.41
O -8.67629028904 -8.88871819619 2.71705223189 -0.82
H -8.91665509293 -7.95929646143 2.71705223189 0.41
H -4.52609008729 -8.70150899641 -10.8846054323 0.41
O -3.56609008729 -8.70150899641 -10.8846054323 -0.82
H -3.80645489118 -7.77208726165 -10.8846054323 0.41
H -1.39323481854 8.7873053808 5.25062370817 0.41
O -0.433234818543 8.7873053808 5.25062370817 -0.82
H -0.673599622435 9.71672711556 5.25062370817 0.41
H -6.75511711244 9.2244626272 -5.37681280777 0.41
O -5.79511711244 9.2244626272 -5.37681280777 -0.82
H -6.03548191633 10.153884362 -5.37681280777 0.41
H 7.15447225399 10.5167673577 -5.43305562236 0.41
O 8.11447225399 10.5167673577 -5.43305562236 -0.82
H 7.8741074501 11.4461890925 -5.43305562236 0.41
H -2.53710958774 -7.62641661336 -3.82922919822 0.41
O -1.57710958774 -7.62641661336 -3.82922919822 -0.82
H -1.81747439163 -6.6969948786 -3.82922919822 0.41
H -9.6452666249 10.805856505 -8.50117679409 0.41
O -8.6852666249 10.805856505 -8.50117679409 -0.82
H -8.92563142879 11.7352782398 -8.50117679409 0.41
H -3.78284881874 7.54297226354 0.814863016855 0.41
O -2.82284881874 7.54297226354 0.814863016855 -0.82
H -3.06321362263 8.4723939983 0.814863016855 0.41
H -3.6441029462 0.631635968277 -8.4915257188 0.41
O -2.6841029462 0.631635968277 -8.4915257188 -0.82
H -2.92446775009 1.56105770304 -8.4915257188 0.41
H 10.0065893069 -10.6046784591 2.90719222532 0.41
O 10.9665893069 -10.6046784591 2.90719222532 -0.82
H 10.726224503 -9.67525672431 2.90719222532 0.41
H -9.36132656049 -0.150184752895 9.01505688941 0.41
O -8.40132656049 -0.150184752895 9.01505688941 -0.82
H -8.64169136438 0.779236981868 9.01505688941 0.41
H -0.911739058557 -9.94719205282 -2.085963233 0.41
O 0.0482609414431 -9.94719205282 -2.085963233 -0.82
H -0.192103862449 -9.01777031805 -2.085963233 0.41
H 3.50473093881 -8.38069979051 -10.7949802059 0.41
O 4.46473093881 -8.38069979051 -10.7949802059 -0.82
H 4.22436613492 -7.45127805575 -10.7949802059 0.41
H -7.83289038919 -0.444206525483 -10.5848362193 0.41
O -6.87289038919 -0.444206525483 -10.5848362193 -0.82
H -7.11325519308 0.48521520928 -10.5848362193 0.41
H -1.86789941467 10.2279908929 -7.72441461553 0.41
O -0.907899414672 10.2279908929 -7.72441461553 -0.82
H -1.14826421856 11.1574126276 -7.72441461553 0.41
H -6.1463318041 8.1767183283 -9.63244159902 0.41
O -5.1863318041 8.1767183283 -9.63244159902 -0.82
H -5.426696608 9.10614006306 -9.63244159902 0.41
H 8.89062811551 -8.98432647108 9.10244673404 0.41
O 9.85062811551 -8.98432647108 9.10244673404 -0.82
H 9.61026331162 -8.05490473631 9.10244673404 0.41
H -3.20272524476 1.10067163629 -10.1335119769 0.41
O -2.24272524476 1.10067163629 -10.1335119769 -0.82
H -2.48309004865 2.03009337106 -10.1335119769 0.41
H -10.8694540508 -7.31168323163 10.8287001624 0.41
O -9.90945405084 -7.31168323163 10.8287001624 -0.82
H -10.1498188547 -6.38226149687 10.8287001624 0.41
H 6.2628299652 -10.888813743 -9.28193044317 0.41
O 7.2228299652 -10.888813743 -9.28193044317 -0.82
H 6.98246516131 -9.9593920082 -9.28193044317 0.41
H -9.92458818026 4.1953988657 9.4999992611 0.41
O -8.96458818026 4.1953988657 9.4999992611 -0.82
H -9.20495298415 5.12482060046 9.4999992611 0.41
H 6.43591321759 10.245482571 4.74599557155 0.41
O 7.39591321759 10.245482571 4.74599557155 -0.82
H 7.1555484137 11.1749043058 4.74599557155 0.41
H 1.75504884816 -9.35657487833 -9.40496663655 0.41
O 2.71504884816 -9.35657487833 -9.40496663655 -0.82
H 2.47468404427 -8.42715314357 -9.40496663655 0.41
H 7.63493927208 -2.01086874126 -10.8635312128 0.41
O 8.59493927208 -2.01086874126 -10.8635312128 -0.82
H 8.35457446819 -1.08144700649 -10.8635312128 0.41
H 7.38170330548 7.21426109559 4.51160370835 0.41
O 8.34170330548 7.21426109559 4.51160370835 -0.82
H 8.10133850159 8.14368283035 4.51160370835 0.41
H 10.6624737602 2.72325546071 3.24198067502 0.41
O 11.6224737602 2.72325546071 3.24198067502 -0.82
H 11.3821089563 3.65267719547 3.24198067502 0.41
H 10.7801257465 9.06455431042 -2.57974897314 0.41
O 11.7401257465 9.06455431042 -2.57974897314 -0.82
H 11.4997609426 9.99397604518 -2.57974897314 0.41
H 10.8880789357 7.05141138222 7.61747019761 0.41
O 11.8480789357 7.05141138222 7.61747019761 -0.82
H 11.6077141318 7.98083311699 7.61747019761 0.41
H -4.90513588177 6.9133747731 8.58840647019 0.41
O -3.94513588177 6.9133747731 8.58840647019 -0.82
H -4.18550068567 7.84279650786 8.58840647019 0.41
H 3.26592663929 10.6641232569 -6.90117155381 0.41
O 4.22592663929 10.6641232569 -6.90117155381 -0.82
H 3.9855618354 11.5935449916 -6.90117155381 0.41
H -1.35713067957 1.42760541141 7.61734625937 0.41
O -0.397130679566 1.42760541141 7.61734625937 -0.82
H -0.637495483458 2.35702714617 7.61734625937 0.41
H 8.89425129921 -8.66040507604 -1.17167685104 0.41
O 9.85425129921 -8.66040507604 -1.17167685104 -0.82
H 9.61388649532 -7.73098334128 -1.17167685104 0.41
H -8.9306099948 4.10616132677 -5.65527624608 0.41
O -7.9706099948 4.10616132677 -5.65527624608 -0.82
H -8.21097479869 5.03558306153 -5.65527624608 0.41
H -5.86425715663 -3.61954985489 -9.04904106223 0.41
O -4.90425715663 -3.61954985489 -9.04904106223 -0.82
H -5.14462196052 -2.69012812013 -9.04904106223 0.41
H -3.44821120657 -3.14204865206 -9.31547477823 0.41
O -2.48821120657 -3.14204865206 -9.31547477823 -0.82
H -2.72857601046 -2.21262691729 -9.31547477823 0.41
H 3.4749361567 5.93073526617 -8.53877759263 0.41
O 4.4349361567 5.93073526617 -8.53877759263 -0.82
H 4.19457135281 6.86015700093 -8.53877759263 0.41
H 7.28473842138 -3.04426583332 7.2138373881 0.41
O 8.24473842138 -3.04426583332 7.2138373881 -0.82
H 8.00437361749 -2.11484409855 7.2138373881 0.41
H 6.89822144088 -9.7748765169 -4.43598457205 0.41
O 7.85822144088 -9.7748765169 -4.43598457205 -0.82
H 7.61785663699 -8.84545478213 -4.43598457205 0.41
H -9.57540234483 10.5349360102 8.07284530855 0.41
O -8.61540234483 10.5349360102 8.07284530855 -0.82
H -8.85576714873 11.464357745 8.07284530855 0.41
H 9.60210109418 9.04356028303 5.22601339282 0.41
O 10.5621010942 9.04356028303 5.22601339282 -0.82
H 10.3217362903 9.97298201779 5.22601339282 0.41
H 6.11239403944 -8.74406659042 10.8406006296 0.41
O 7.07239403944 -8.74406659042 10.8406006296 -0.82
H 6.83202923555 -7.81464485566 10.8406006296 0.41
H -0.635923647405 6.89204872042 7.81945631691 0.41
O 0.324076352595 6.89204872042 7.81945631691 -0.82
H 0.0837115487027 7.82147045519 7.81945631691 0.41
H -5.13353575316 -8.40156540297 7.7672330305 0.41
O -4.17353575316 -8.40156540297 7.7672330305 -0.82
H -4.41390055705 -7.4721436682 7.7672330305 0.41
H -10.0514005343 -7.14549962132 -1.63973026389 0.41
O -9.09140053434 -7.14549962132 -1.63973026389 -0.82
H -9.33176533823 -6.21607788656 -1.63973026389 0.41
H -6.36185688018 7.2397758037 -4.95201851023 0.41
O -5.40185688018 7.2397758037 -4.95201851023 -0.82
H -5.64222168408 8.16919753846 -4.95201851023 0.41
H -7.52184309985 1.5838416184 9.69031674127 0.41
O -6.56184309985 1.5838416184 9.69031674127 -0.82
H -6.80220790375 2.51326335316 9.69031674127 0.41
H -7.17128104482 -5.27388055967 -2.57781492981 0.41
O -6.21128104482 -5.27388055967 -2.57781492981 -0.82
H -6.45164584871 -4.3444588249 -2.57781492981 0.41
H 6.72739022418 10.253310143 10.1784605259 0.41
O 7.68739022418 10.253310143 10.1784605259 -0.82
H 7.44702542029 11.1827318777 10.1784605259 0.41
H -2.88737806437 9.93126337693 -3.56865048148 0.41
O -1.92737806437 9.93126337693 -3.56865048148 -0.82
H -2.16774286827 10.8606851117 -3.56865048148 0.41
H 8.37526922047 6.67328365342 0.745298015045 0.41
O 9.33526922047 6.67328365342 0.745298015045 -0.82
H 9.09490441658 7.60270538819 0.745298015045 0.41
H 10.9171282709 8.1931028817 -2.98674979388 0.41
O 11.8771282709 8.1931028817 -2.98674979388 -0.82
H 11.636763467 9.12252461646 -2.98674979388 0.41
H -9.52681495417 -8.67460422867 10.0633807769 0.41
O -8.56681495417 -8.67460422867 10.0633807769 -0.82
H -8.80717975807 -7.74518249391 10.0633807769 0.41
H -8.22667431109 7.77315183348 -6.87094288214 0.41
O -7.26667431109 7.77315183348 -6.87094288214 -0.82
H -7.50703911498 8.70257356824 -6.87094288214 0.41
H 3.07647313843 10.259021751 7.76822550529 0.41
O 4.03647313843 10.259021751 7.76822550529 -0.82
H 3.79610833454 11.1884434858 7.76822550529 0.41
H 10.0218125487 -5.36998271567 -3.21757257162 0.41
O 10.9818125487 -5.36998271567 -3.21757257162 -0.82
H 10.7414477449 -4.4405609809 -3.21757257162 0.41
H -4.69320346666 -10.6129987734 -2.36372912919 0.41
O -3.73320346666 -10.6129987734 -2.36372912919 -0.82
H -3.97356827055 -9.68357703866 -2.36372912919 0.41
H 9.12449216628 -0.205024977142 -8.20510773074 0.41
O 10.0844921663 -0.205024977142 -8.20510773074 -0.82
H 9.84412736239 0.724396757621 -8.20510773074 0.41
H -7.43488166619 -4.5949138523 -1.82242432148 0.41
O -6.47488166619 -4.5949138523 -1.82242432148 -0.82
H -6.71524647008 -3.66549211754 -1.82242432148 0.41
H -6.29565363599 -7.51765516008 -0.744698391143 0.41
O -5.33565363599 -7.51765516008 -0.744698391143 -0.82
H -5.57601843989 -6.58823342532 -0.744698391143 0.41
H -9.2231560105 8.46426695324 -7.4075750325 0.41
O -8.2631560105 8.46426695324 -7.4075750325 -0.82
H -8.50352081439 9.393688688 -7.4075750325 0.41
H 7.45215352411 5.43289594726 2.69511962561 0.41
O 8.41215352411 5.43289594726 2.69511962561 -0.82
H 8.17178872022 6.36231768202 2.69511962561 0.41
H 8.65099313541 1.54092576815 -0.9283815893 0.41
O 9.61099313541 1.54092576815 -0.9283815893 -0.82
H 9.37062833152 2.47034750291 -0.9283815893 0.41
H -3.26977567056 8.87953584301 -10.828356507 0.41
O -2.30977567056 8.87953584301 -10.828356507 -0.82
H -2.55014047446 9.80895757778 -10.828356507 0.41
H 9.99978342202 4.29125799085 -9.17641620777 0.41
O 10.959783422 4.29125799085 -9.17641620777 -0.82
H 10.7194186181 5.22067972561 -9.17641620777 0.41
H 9.77206956918 8.02368442191 -0.255856082351 0.41
O 10.7320695692 8.02368442191 -0.255856082351 -0.82
H 10.4917047653 8.95310615667 -0.255856082351 0.41
H 6.67832685481 6.92828978576 9.88396732126 0.41
O 7.63832685481 6.92828978576 9.88396732126 -0.82
H 7.39796205092 7.85771152052 9.88396732126 0.41
H 6.19578682367 4.43338799349 -9.43749822664 0.41
O 7.15578682367 4.43338799349 -9.43749822664 -0.82
H 6.91542201978 5.36280972825 -9.43749822664 0.41
H 7.87124717998 10.7493119999 -2.03942069927 0.41
O 8.83124717998 10.7493119999 -2.03942069927 -0.82
H 8.59088237609 11.6787337347 -2.03942069927 0.41
H 9.3415321358 7.97832064136 2.06236879257 0.41
O 10.3015321358 7.97832064136 2.06236879257 -0.82
H 10.0611673319 8.90774237612 2.06236879257 0.41
H 1.83247822727 -8.88372688122 7.20072921668 0.41
O 2.79247822727 -8.88372688122 7.20072921668 -0.82
H 2.55211342338 -7.95430514646 7.20072921668 0.41
H -5.00114788877 9.1348264837 -8.28612909455 0.41
O -4.04114788877 9.1348264837 -8.28612909455 -0.82
H -4.28151269266 10.0642482185 -8.28612909455 0.41
H -6.96925962459 -7.74415726632 7.32772892558 0.41
O -6.00925962459 -7.74415726632 7.32772892558 -0.82
H -6.24962442848 -6.81473553155 7.32772892558 0.41
H -5.09009838488 7.95162449397 -10.1398424325 0.41
O -4.13009838488 7.95162449397 -10.1398424325 -0.82
H -4.37046318877 8.88104622873 -10.1398424325 0.41
H -8.19377999611 -9.37470266547 8.06489098146 0.41
O -7.23377999611 -9.37470266547 8.06489098146 -0.82
H -7.4741448 -8.44528093071 8.06489098146 0.41
H 9.10437959239 7.99270554504 -2.28836056381 0.41
O 10.0643795924 7.99270554504 -2.28836056381 -0.82
H 9.82401478849 8.9221272798 -2.28836056381 0.41
H 10.7783219236 1.23235093256 8.17712290276 0.41
O 11.7383219236 1.23235093256 8.17712290276 -0.82
H 11.4979571197 2.16177266732 8.17712290276 0.41
H -2.63042755552 -6.73951319694 -10.863208501 0.41
O -1.67042755552 -6.73951319694 -10.863208501 -0.82
H -1.91079235941 -5.81009146217 -10.863208501 0.41
H -9.58381693721 -8.3514569408 8.79656506388 0.41
O -8.62381693721 -8.3514569408 8.79656506388 -0.82
H -8.8641817411 -7.42203520604 8.79656506388 0.41
H 2.79134147776 8.17131566945 8.16541054415 0.41
O 3.75134147776 8.17131566945 8.16541054415 -0.82
H 3.51097667387 9.10073740421 8.16541054415 0.41
H 8.7099251811 -5.92762916592 9.17014714048 0.41
O 9.6699251811 -5.92762916592 9.17014714048 -0.82
H 9.42956037721 -4.99820743116 9.17014714048 0.41
H 9.51906831565 3.01458513961 2.32394560813 0.41
O 10.4790683156 3.01458513961 2.32394560813 -0.82
H 10.2387035118 3.94400687438 2.32394560813 0.41
H -5.40318973641 7.89731979185 10.7213325884 0.41
O -4.44318973641 7.89731979185 10.7213325884 -0.82
H -4.6835545403 8.82674152661 10.7213325884 0.41
H -1.21236296653 0.668009096417 7.59367852443 0.41
O -0.252362966533 0.668009096417 7.59367852443 -0.82
H -0.492727770425 1.59743083118 7.59367852443 0.41
H -9.02753176296 7.94622636413 -4.1756410527 0.41
O -8.06753176296 7.94622636413 -4.1756410527 -0.82
H -8.30789656686 8.87564809889 -4.1756410527 0.41
H -10.9208037054 -7.49754989234 4.83399246951 0.41
O -9.96080370542 -7.49754989234 4.83399246951 -0.82
H -10.2011685093 -6.56812815757 4.83399246951 0.41
H -7.15130032883 1.77047796741 -9.22615772422 0.41
O -6.19130032883 1.77047796741 -9.22615772422 -0.82
H -6.43166513272 2.69989970217 -9.22615772422 0.41
H -0.347115217428 -5.53223947873 7.01674422714 0.41
O 0.612884782572 -5.53223947873 7.01674422714 -0.82
H 0.37251997868 -4.60281774397 7.01674422714 0.41
H -4.94245337324 7.38593564054 8.45719176188 0.41
O -3.98245337324 7.38593564054 8.45719176188 -0.82
H -4.22281817713 8.31535737531 8.45719176188 0.41
H -7.13491921964 9.69187219359 3.93324036417 0.41
O -6.17491921964 9.69187219359 3.93324036417 -0.82
H -6.41528402353 10.6212939283 3.93324036417 0.41
H -9.56390152344 -5.99323363344 10.6424648062 0.41
O -8.60390152344 -5.99323363344 10.6424648062 -0.82
H -8.84426632733 -5.06381189868 10.6424648062 0.41
H 1.72565119337 -10.34503348 8.18094717066 0.41
O 2.68565119337 -10.34503348 8.18094717066 -0.82
H 2.44528638948 -9.41561174525 8.18094717066 0.41
H 7.701669256 8.8755915241 -10.2283813259 0.41
O 8.661669256 8.8755915241 -10.2283813259 -0.82
H 8.42130445211 9.80501325886 -10.2283813259 0.41
H 8.12701830983 6.12296062209 -4.94308994776 0.41
O 9.08701830983 6.12296062209 -4.94308994776 -0.82
H 8.84665350594 7.05238235685 -4.94308994776 0.41
H 9.2826780437 10.88793786 -3.51550213629 0.41
O 10.2426780437 10.88793786 -3.51550213629 -0.82
H 10.0023132398 11.8173595947 -3.51550213629 0.41
H 0.0678615290295 9.06404779619 -4.33567352902 0.41
O 1.02786152903 9.06404779619 -4.33567352902 -0.82
H 0.787496725137 9.99346953095 -4.33567352902 0.41
H -8.90731275989 3.22034790318 4.03268784768 0.41
O -7.94731275989 3.22034790318 4.03268784768 -0.82
H -8.18767756378 4.14976963794 4.03268784768 0.41
H 9.67125656538 7.19985842262 4.22335395506 0.41
O 10.6312565654 7.19985842262 4.22335395506 -0.82
H 10.3908917615 8.12928015738 4.22335395506 0.41
H 7.97689874986 5.88866323887 -2.4847401027 0.41
O 8.93689874986 5.88866323887 -2.4847401027 -0.82
H 8.69653394597 6.81808497363 -2.4847401027 0.41
H -4.34246650086 8.48964405287 7.22998083956 0.41
O -3.38246650086 8.48964405287 7.22998083956 -0.82
H -3.62283130475 9.41906578764 7.22998083956 0.41
H 8.73857220744 1.89959190361 9.99643615478 0.41
O 9.69857220744 1.89959190361 9.99643615478 -0.82
H 9.45820740355 2.82901363838 9.99643615478 0.41
H -1.5989935194 10.2315035719 7.66041782956 0.41
O -0.638993519403 10.2315035719 7.66041782956 -0.82
H -0.879358323295 11.1609253067 7.66041782956 0.41
H -6.08941945462 2.47366123634 -10.6880576776 0.41
O -5.12941945462 2.47366123634 -10.6880576776 -0.82
H -5.36978425851 3.4030829711 -10.6880576776 0.41
H -8.66696345339 7.78199953725 6.68587865731 0.41
O -7.70696345339 7.78199953725 6.68587865731 -0.82
H -7.94732825728 8.71142127201 6.68587865731 0.41
H 6.30647222261 -2.43739360677 -10.5823520479 0.41
O 7.26647222261 -2.43739360677 -10.5823520479 -0.82
H 7.02610741871 -1.50797187201 -10.5823520479 0.41
H 9.07165361748 8.56848203667 8.24357204973 0.41
O 10.0316536175 8.56848203667 8.24357204973 -0.82
H 9.79128881359 9.49790377143 8.24357204973 0.41
H 3.90607473365 -9.31120094884 -9.91380592817 0.41
O 4.86607473365 -9.31120094884 -9.91380592817 -0.82
H 4.62570992975 -8.38177921408 -9.91380592817 0.41
H -3.63309116392 9.41858160999 2.99281128216 0.41
O -2.67309116392 9.41858160999 2.99281128216 -0.82
H -2.91345596781 10.3480033448 2.99281128216 0.41
H 7.3917682251 3.60901840145 8.20364463921 0.41
O 8.3517682251 3.60901840145 8.20364463921 -0.82
H 8.11140342121 4.53844013622 8.20364463921 0.41
H -8.43188365711 3.06223162039 2.82803606426 0.41
O -7.47188365711 3.06223162039 2.82803606426 -0.82
H -7.712248461 3.99165335515 2.82803606426 0.41
H -0.674593559657 9.32165017304 4.67221743823 0.41
O 0.285406440343 9.32165017304 4.67221743823 -0.82
H 0.0450416364506 10.2510719078 4.67221743823 0.41
H -1.33110376838 4.48220921811 -10.6279948739 0.41
O -0.371103768384 4.48220921811 -10.6279948739 -0.82
H -0.611468572276 5.41163095288 -10.6279948739 0.41
H -5.85534592895 10.0683646911 9.1992273423 0.41
O -4.89534592895 10.0683646911 9.1992273423 -0.82
H -5.13571073284 10.9977864259 9.1992273423 0.41
H -10.183911316 2.97055350927 8.91475599621 0.41
O -9.22391131595 2.97055350927 8.91475599621 -0.82
H -9.46427611984 3.89997524403 8.91475599621 0.41
H 6.78730870846 -9.35963556045 8.50086707663 0.41
O 7.74730870846 -9.35963556045 8.50086707663 -0.82
H 7.50694390457 -8.43021382568 8.50086707663 0.41
H 9.19342141177 -0.194638243358 5.59914456607 0.41
O 10.1534214118 -0.194638243358 5.59914456607 -0.82
H 9.91305660788 0.734783491405 5.59914456607 0.41
H 8.61046995853 -9.19030489006 -1.89478265588 0.41
O 9.57046995853 -9.19030489006 -1.89478265588 -0.82
H 9.33010515464 -8.2608831553 -1.89478265588 0.41
H -10.8272600165 10.3324184678 -1.81380779676 0.41
O -9.86726001649 10.3324184678 -1.81380779676 -0.82
H -10.1076248204 11.2618402026 -1.81380779676 0.41
H -8.45312854811 -4.58036481577 -6.07158338607 0.41
O -7.49312854811 -4.58036481577 -6.07158338607 -0.82
H -7.733493352 -3.65094308101 -6.07158338607 0.41
H -8.76695354874 -4.45775610301 3.85109739336 0.41
O -7.80695354874 -4.45775610301 3.85109739336 -0.82
H -8.04731835263 -3.52833436825 3.85109739336 0.41
H 7.28910863165 -7.68759375366 9.37499904495 0.41
O 8.24910863165 -7.68759375366 9.37499904495 -0.82
H 8.00874382776 -6.7581720189 9.37499904495 0.41
H -10.8259132424 -5.60055454506 -9.15566937361 0.41
O -9.86591324237 -5.60055454506 -9.15566937361 -0.82
H -10.1062780463 -4.6711328103 -9.15566937361 0.41
H -7.45519199434 -8.16973868545 10.2263191471 0.41
O -6.49519199434 -8.16973868545 10.2263191471 -0.82
H -6.73555679823 -7.24031695068 10.2263191471 0.41
H -7.70219659978 -0.0118304911535 4.54855919009 0.41
O -6.74219659978 -0.0118304911535 4.54855919009 -0.82
H -6.98256140367 0.91759124361 4.54855919009 0.41
H -10.404241865 -4.54653276325 8.93353255023 0.41
O -9.44424186504 -4.54653276325 8.93353255023 -0.82
H -9.68460666893 -3.61711102849 8.93353255023 0.41
H 9.71709811377 9.08518786642 2.43929570909 0.41
O 10.6770981138 9.08518786642 2.43929570909 -0.82
H 10.4367333099 10.0146096012 2.43929570909 0.41
H -9.06358088441 10.4278003287 -0.389332733055 0.41
O -8.10358088441 10.4278003287 -0.389332733055 -0.82
H -8.3439456883 11.3572220634 -0.389332733055 0.41
H 3.98946882565 -8.73432124163 1.39675567262 0.41
O 4.94946882565 -8.73432124163 1.39675567262 -0.82
H 4.70910402176 -7.80489950687 1.39675567262 0.41
H -10.5059721445 4.72022164975 -10.9361687337 0.41
O -9.54597214453 4.72022164975 -10.9361687337 -0.82
H -9.78633694842 5.64964338451 -10.9361687337 0.41
H -2.20548849517 -7.76289413359 5.67313216389 0.41
O -1.24548849517 -7.76289413359 5.67313216389 -0.82
H -1.48585329906 -6.83347239882 5.67313216389 0.41
H -6.52956143207 -7.76568562623 -10.9887487468 0.41
O -5.56956143207 -7.76568562623 -10.9887487468 -0.82
H -5.80992623596 -6.83626389147 -10.9887487468 0.41
H 6.48524778351 -2.37575610276 -7.16473206893 0.41
O 7.44524778351 -2.37575610276 -7.16473206893 -0.82
H 7.20488297962 -1.446334368 -7.16473206893 0.41
H 0.155656136245 9.81628513554 -6.60392193427 0.41
O 1.11565613625 9.81628513554 -6.60392193427 -0.82
H 0.875291332353 10.7457068703 -6.60392193427 0.41
H -10.3716640373 7.24361723014 9.31653809186 0.41
O -9.41166403728 7.24361723014 9.31653809186 -0.82
H -9.65202884117 8.1730389649 9.31653809186 0.41
H 2.9324786313 8.20056711617 -2.44221798227 0.41
O 3.8924786313 8.20056711617 -2.44221798227 -0.82
H 3.65211382741 9.12998885093 -2.44221798227 0.41
H -8.20735583525 -2.27105930788 -8.79453653753 0.41
O -7.24735583525 -2.27105930788 -8.79453653753 -0.82
H -7.48772063914 -1.34163757311 -8.79453653753 0.41
H -10.1177309928 -10.1581281776 -10.4652803726 0.41
O -9.15773099281 -10.1581281776 -10.4652803726 -0.82
H -9.39809579671 -9.22870644285 -10.4652803726 0.41
H -7.15951431394 -10.0586834617 -2.25462621958 0.41
O -6.19951431394 -10.0586834617 -2.25462621958 -0.82
H -6.43987911784 -9.1292617269 -2.25462621958 0.41
H -0.884506007348 -7.12140304434 -6.43762042845 0.41
O 0.0754939926522 -7.12140304434 -6.43762042845 -0.82
H -0.16487081124 -6.19198130958 -6.43762042845 0.41
H 3.74710301905 -7.03337090397 2.57273427821 0.41
O 4.70710301905 -7.03337090397 2.57273427821 -0.82
H 4.46673821516 -6.1039491692 2.57273427821 0.41
H 8.0124455548 7.99424732856 -2.04260401048 0.41
O 8.9724455548 7.99424732856 -2.04260401048 -0.82
H 8.73208075091 8.92366906332 -2.04260401048 0.41
H 9.34693440277 4.56646536452 -8.4366365859 0.41
O 10.3069344028 4.56646536452 -8.4366365859 -0.82
H 10.0665695989 5.49588709928 -8.4366365859 0.41
H 6.63426137401 -2.98736674965 9.45062600379 0.41
O 7.59426137401 -2.98736674965 9.45062600379 -0.82
H 7.35389657012 -2.05794501489 9.45062600379 0.41
H 10.638876818 -10.1443945311 -1.12392197664 0.41
O 11.598876818 -10.1443945311 -1.12392197664 -0.82
H 11.3585120141 -9.21497279634 -1.12392197664 0.41
H 7.93648097791 -2.68465466804 -9.14641089216 0.41
O 8.89648097791 -2.68465466804 -9.14641089216 -0.82
H 8.65611617402 -1.75523293328 -9.14641089216 0.41
H -10.7430033181 -0.497297220306 5.41708605386 0.41
O -9.78300331807 -0.497297220306 5.41708605386 -0.82
H -10.023368122 0.432124514457 5.41708605386 0.41
H -9.96244290449 -10.9677315305 -2.42974814757 0.41
O -9.00244290449 -10.9677315305 -2.42974814757 -0.82
H -9.24280770838 -10.0383097957 -2.42974814757 0.41
H 1.88723010075 -7.61810226334 7.27232785581 0.41
O 2.84723010075 -7.61810226334 7.27232785581 -0.82
H 2.60686529686 -6.68868052857 7.27232785581 0.41
H -6.1225341382 0.914624816098 -10.7720459759 0.41
O -5.1625341382 0.914624816098 -10.7720459759 -0.82
H -5.40289894209 1.84404655086 -10.7720459759 0.41
H -1.18577889274 8.56160294838 0.89522895451 0.41
O -0.225778892744 8.56160294838 0.89522895451 -0.82
H -0.466143696636 9.49102468314 0.89522895451 0.41
H 8.45815161877 4.61088994971 -7.92616668186 0.41
O 9.41815161877 4.61088994971 -7.92616668186 -0.82
H 9.17778681487 5.54031168447 -7.92616668186 0.41
H -9.42703251468 5.12303707818 -3.87778176821 0.41
O -8.46703251468 5.12303707818 -3.87778176821 -0.82
H -8.70739731857 6.05245881295 -3.87778176821 0.41
H -10.0547667661 6.37790373195 -5.31173694512 0.41
O -9.09476676607 6.37790373195 -5.31173694512 -0.82
H -9.33513156996 7.30732546671 -5.31173694512 0.41
H 1.18991717364 -6.29367616926 8.2526038703 0.41
O 2.14991717364 -6.29367616926 8.2526038703 -0.82
H 1.90955236975 -5.3642544345 8.2526038703 0.41
H -4.90747348865 -9.40089255705 10.4344481734 0.41
O -3.94747348865 -9.40089255705 10.4344481734 -0.82
H -4.18783829254 -8.47147082228 10.4344481734 0.41
H 8.83821124823 -10.5603134791 6.24459140331 0.41
O 9.79821124823 -10.5603134791 6.24459140331 -0.82
H 9.55784644434 -9.63089174431 6.24459140331 0.41
H -1.08805445031 -5.48993256005 -8.38623892595 0.41
O -0.128054450307 -5.48993256005 -8.38623892595 -0.82
H -0.368419254199 -4.56051082528 -8.38623892595 0.41
H -8.47634047889 -3.82277731535 7.29577030827 0.41
O -7.51634047889 -3.82277731535 7.29577030827 -0.82
H -7.75670528279 -2.89335558059 7.29577030827 0.41
H -0.124994374405 7.53504046943 -0.879950255917 0.41
O 0.835005625595 7.53504046943 -0.879950255917 -0.82
H 0.594640821703 8.46446220419 -0.879950255917 0.41
H 7.14729606066 9.40978592493 -8.06964848283 0.41
O 8.10729606066 9.40978592493 -8.06964848283 -0.82
H 7.86693125677 10.3392076597 -8.06964848283 0.41
H -9.77363911342 -10.4698231684 -4.37987886472 0.41
O -8.81363911342 -10.4698231684 -4.37987886472 -0.82
H -9.05400391731 -9.54040143363 -4.37987886472 0.41
H 9.83043712387 -9.19558307133 -4.00989200062 0.41
O 10.7904371239 -9.19558307133 -4.00989200062 -0.82
H 10.55007232 -8.26616133657 -4.00989200062 0.41
H 5.14979411051 -7.89721429555 1.66325421158 0.41
O 6.10979411051 -7.89721429555 1.66325421158 -0.82
H 5.86942930662 -6.96779256079 1.66325421158 0.41
H -5.76223356949 -9.74167818321 -7.8280451067 0.41
O -4.80223356949 -9.74167818321 -7.8280451067 -0.82
H -5.04259837338 -8.81225644845 -7.8280451067 0.41
H 0.931280647464 -8.4531752443 -3.03444893647 0.41
O 1.89128064746 -8.4531752443 -3.03444893647 -0.82
H 1.65091584357 -7.52375350954 -3.03444893647 0.41
H -7.08614131852 6.49966711561 8.45322471905 0.41
O -6.12614131852 6.49966711561 8.45322471905 -0.82
H -6.36650612241 7.42908885038 8.45322471905 0.41
H 8.86331208368 10.0507379379 3.86131111444 0.41
O 9.82331208368 10.0507379379 3.86131111444 -0.82
H 9.58294727979 10.9801596727 3.86131111444 0.41
H 10.4516242178 -1.04362341555 -8.5270686804 0.41
O 11.4116242178 -1.04362341555 -8.5270686804 -0.82
H 11.1712594139 -0.114201680788 -8.5270686804 0.41
H 9.87168155605 3.5044080481 -1.82697249221 0.41
O 10.831681556 3.5044080481 -1.82697249221 -0.82
H 10.5913167522 4.43382978286 -1.82697249221 0.41
H -10.485169655 -8.71295470156 9.26947950985 0.41
O -9.52516965504 -8.71295470156 9.26947950985 -0.82
H -9.76553445893 -7.78353296679 9.26947950985 0.41
H -8.26147545648 1.36740888499 4.43738284118 0.41
O -7.30147545648 1.36740888499 4.43738284118 -0.82
H -7.54184026037 2.29683061975 4.43738284118 0.41
H -7.6288516734 -10.3247218102 -4.4218743827 0.41
O -6.6688516734 -10.3247218102 -4.4218743827 -0.82
H -6.9092164773 -9.39530007547 -4.4218743827 0.41
H 8.95868788889 -8.16101748127 6.06110550617 0.41
O 9.91868788889 -8.16101748127 6.06110550617 -0.82
H 9.678323085 -7.23159574651 6.06110550617 0.41
H 8.63143306346 3.08593111901 -3.7340981253 0.41
O 9.59143306346 3.08593111901 -3.7340981253 -0.82
H 9.35106825957 4.01535285377 -3.7340981253 0.41
H 7.82173571103 -7.95251630969 -1.20586873253 0.41
O 8.78173571103 -7.95251630969 -1.20586873253 -0.82
H 8.54137090714 -7.02309457493 -1.20586873253 0.41
H -5.03712601275 10.523676603 -10.6581309002 0.41
O -4.07712601275 10.523676603 -10.6581309002 -0.82
H -4.31749081664 11.4530983377 -10.6581309002 0.41
H -7.92285733752 -7.67018686014 9.30864322445 0.41
O -6.96285733752 -7.67018686014 9.30864322445 -0.82
H -7.20322214141 -6.74076512538 9.30864322445 0.41
H -4.51689630275 -9.99002282871 7.8902099426 0.41
O -3.55689630275 -9.99002282871 7.8902099426 -0.82
H -3.79726110664 -9.06060109395 7.8902099426 0.41
H -3.13212424336 5.12344793548 -8.83102398116 0.41
O -2.17212424336 5.12344793548 -8.83102398116 -0.82
H -2.41248904725 6.05286967024 -8.83102398116 0.41
H 9.34500983096 -1.04956532303 10.5109149768 0.41
O 10.305009831 -1.04956532303 10.5109149768 -0.82
H 10.0646450271 -0.120143588269 10.5109149768 0.41
H -9.99399211476 10.724365472 10.2570637946 0.41
O -9.03399211476 10.724365472 10.2570637946 -0.82
H -9.27435691866 11.6537872068 10.2570637946 0.41
H -2.75164378874 10.9905157253 3.91314652433 0.41
O -1.79164378874 10.9905157253 3.91314652433 -0.82
H -2.03200859263 11.91993746 3.91314652433 0.41
H -4.65106955701 5.88378018136 9.58058574815 0.41
O -3.69106955701 5.88378018136 9.58058574815 -0.82
H -3.9314343609 6.81320191612 9.58058574815 0.41
H 10.3547241471 -7.09890184797 -2.0336898779 0.41
O 11.3147241471 -7.09890184797 -2.0336898779 -0.82
H 11.0743593432 -6.16948011321 -2.0336898779 0.41
H 10.4483793261 7.39949372472 -8.04426453664 0.41
O 11.4083793261 7.39949372472 -8.04426453664 -0.82
H 11.1680145222 8.32891545949 -8.04426453664 0.41
H -5.45547573149 7.11876125509 8.91366860165 0.41
O -4.49547573149 7.11876125509 8.91366860165 -0.82
H -4.73584053538 8.04818298985 8.91366860165 0.41
H -2.91724760508 -8.11143570975 -8.827281204 0.41
O -1.95724760508 -8.11143570975 -8.827281204 -0.82
H -2.19761240898 -7.18201397499 -8.827281204 0.41
H -10.0186005514 4.94474055289 -9.82334975307 0.41
O -9.05860055141 4.94474055289 -9.82334975307 -0.82
H -9.2989653553 5.87416228765 -9.82334975307 0.41
H -8.38703245254 -5.26501878626 -10.0297740824 0.41
O -7.42703245254 -5.26501878626 -10.0297740824 -0.82
H -7.66739725643 -4.3355970515 -10.0297740824 0.41
H 2.39108085584 -9.07077149785 -2.91790418429 0.41
O 3.35108085584 -9.07077149785 -2.91790418429 -0.82
H 3.11071605195 -8.14134976309 -2.91790418429 0.41
H 8.51683131845 8.86218525491 -6.58272616704 0.41
O 9.47683131845 8.86218525491 -6.58272616704 -0.82
H 9.23646651456 9.79160698967 -6.58272616704 0.41
H -9.84997834023 -10.1482917632 5.64090551564 0.41
O -8.88997834023 -10.1482917632 5.64090551564 -0.82
H -9.13034314413 -9.21887002842 5.64090551564 0.41
H 2.45390758339 -10.8716205416 -10.2614403403 0.41
O 3.41390758339 -10.8716205416 -10.2614403403 -0.82
H 3.1735427795 -9.94219880686 -10.2614403403 0.41
H 8.36919051012 1.16538255479 8.68586009725 0.41
O 9.32919051012 1.16538255479 8.68586009725 -0.82
H 9.08882570622 2.09480428955 8.68586009725 0.41
H -3.36344880563 -8.34931615895 5.60022650169 0.41
O -2.40344880563 -8.34931615895 5.60022650169 -0.82
H -2.64381360953 -7.41989442419 5.60022650169 0.41
H -7.38419892916 -8.50302754641 -10.0384183962 0.41
O -6.42419892916 -8.50302754641 -10.0384183962 -0.82
H -6.66456373305 -7.57360581165 -10.0384183962 0.41
H -4.35937529954 8.61300833407 -1.8430261177 0.41
O -3.39937529954 8.61300833407 -1.8430261177 -0.82
H -3.63974010343 9.54243006883 -1.8430261177 0.41
H 0.983359390794 -9.46381933031 -8.8940404098 0.41
O 1.94335939079 -9.46381933031 -8.8940404098 -0.82
H 1.7029945869 -8.53439759555 -8.8940404098 0.41
H -1.65811767631 -6.3454283132 10.5582832332 0.41
O -0.698117676312 -6.3454283132 10.5582832332 -0.82
H -0.938482480204 -5.41600657844 10.5582832332 0.41
H 3.74669932914 -9.46594516241 -0.321872438338 0.41
O 4.70669932914 -9.46594516241 -0.321872438338 -0.82
H 4.46633452525 -8.53652342765 -0.321872438338 0.41
H 9.99275896675 8.3387099038 8.53886486017 0.41
O 10.9527589668 8.3387099038 8.53886486017 -0.82
H 10.7123941629 9.26813163856 8.53886486017 0.41
H -7.11126597639 -2.74516440045 9.44593371324 0.41
O -6.15126597639 -2.74516440045 9.44593371324 -0.82
H -6.39163078028 -1.81574266569 9.44593371324 0.41
H -2.89186131262 -1.35914588704 -8.18266645369 0.41
O -1.93186131262 -1.35914588704 -8.18266645369 -0.82
H -2.17222611652 -0.42972415228 -8.18266645369 0.41
H 0.347353144785 10.7252643839 -0.584662408699 0.41
O 1.30735314479 10.7252643839 -0.584662408699 -0.82
H 1.06698834089 11.6546861186 -0.584662408699 0.41
H -10.17392137 -9.2972046792 7.88387159022 0.41
O -9.21392137003 -9.2972046792 7.88387159022 -0.82
H -9.45428617392 -8.36778294444 7.88387159022 0.41
H -8.09405218806 4.46809763213 -5.65454557936 0.41
O -7.13405218806 4.46809763213 -5.65454557936 -0.82
H -7.37441699195 5.39751936689 -5.65454557936 0.41
H -9.68779712398 8.10234796714 8.65711476769 0.41
O -8.72779712398 8.10234796714 8.65711476769 -0.82
H -8.96816192787 9.03176970191 8.65711476769 0.41
H -6.08865046033 8.44928988215 1.60676961816 0.41
O -5.12865046033 8.44928988215 1.60676961816 -0.82
H -5.36901526422 9.37871161691 1.60676961816 0.41
H 8.38525664763 2.25229882053 9.28385840856 0.41
O 9.34525664763 2.25229882053 9.28385840856 -0.82
H 9.10489184374 3.1817205553 9.28385840856 0.41
H -2.14928850154 6.19187515764 8.88106770074 0.41
O -1.18928850154 6.19187515764 8.88106770074 -0.82
H -1.42965330543 7.1212968924 8.88106770074 0.41
H -4.63046061361 -10.909060104 -10.6167281585 0.41
O -3.67046061361 -10.909060104 -10.6167281585 -0.82
H -3.9108254175 -9.9796383692 -10.6167281585 0.41
H 7.40196128801 3.7089486907 5.2987264574 0.41
O 8.36196128801 3.7089486907 5.2987264574 -0.82
H 8.12159648412 4.63837042546 5.2987264574 0.41
H 10.8190397019 8.97683007774 3.42173436234 0.41
O 11.7790397019 8.97683007774 3.42173436234 -0.82
H 11.538674898 9.9062518125 3.42173436234 0.41
H -7.09726987155 -0.712066644009 -5.82875846981 0.41
O -6.13726987155 -0.712066644009 -5.82875846981 -0.82
H -6.37763467545 0.217355090754 -5.82875846981 0.41
H -8.14598586625 1.34816918208 -1.90878899588 0.41
O -7.18598586625 1.34816918208 -1.90878899588 -0.82
H -7.42635067014 2.27759091684 -1.90878899588 0.41
H -8.5946397823 -2.45525078408 8.01223014017 0.41
O -7.6346397823 -2.45525078408 8.01223014017 -0.82
H -7.87500458619 -1.52582904932 8.01223014017 0.41
H -4.38286059581 -3.0347632329 -9.60067184051 0.41
O -3.42286059581 -3.0347632329 -9.60067184051 -0.82
H -3.6632253997 -2.10534149814 -9.60067184051 0.41
H 8.54517783239 -10.8258541123 5.21903164117 0.41
O 9.50517783239 -10.8258541123 5.21903164117 -0.82
H 9.2648130285 -9.89643237755 5.21903164117 0.41
H 0.318805357494 3.21436072828 10.8861361049 0.41
O 1.27880535749 3.21436072828 10.8861361049 -0.82
H 1.0384405536 4.14378246305 10.8861361049 0.41
H -9.40908915957 -5.43807041816 9.55425355424 0.41
O -8.44908915957 -5.43807041816 9.55425355424 -0.82
H -8.68945396346 -4.5086486834 9.55425355424 0.41
H -6.11516986545 5.80022431523 7.20303265923 0.41
O -5.15516986545 5.80022431523 7.20303265923 -0.82
H -5.39553466934 6.72964605 7.20303265923 0.41
H 3.90101969331 -10.4234624091 9.30700647767 0.41
O 4.86101969331 -10.4234624091 9.30700647767 -0.82
H 4.62065488942 -9.49404067429 9.30700647767 0.41
H 1.05873308656 0.492142248303 9.95522599889 0.41
O 2.01873308656 0.492142248303 9.95522599889 -0.82
H 1.77836828267 1.42156398307 9.95522599889 0.41
H -8.27578399355 -8.5765311437 7.59602668 0.41
O -7.31578399355 -8.5765311437 7.59602668 -0.82
H -7.55614879744 -7.64710940894 7.59602668 0.41
H 8.25735775717 -2.71717035535 -7.69917879954 0.41
O 9.21735775717 -2.71717035535 -7.69917879954 -0.82
H 8.97699295328 -1.78774862058 -7.69917879954 0.41
H 2.44392311287 10.1143164407 -8.60625093412 0.41
O 3.40392311287 10.1143164407 -8.60625093412 -0.82
H 3.16355830898 11.0437381754 -8.60625093412 0.41
H 9.65907956604 -10.1210046421 1.85211749328 0.41
O 10.619079566 -10.1210046421 1.85211749328 -0.82
H 10.3787147621 -9.19158290739 1.85211749328 0.41
H -7.3834183608 2.99510328662 7.00104898848 0.41
O -6.4234183608 2.99510328662 7.00104898848 -0.82
H -6.66378316469 3.92452502138 7.00104898848 0.41
H -10.6696428979 1.54385578038 -8.67410370004 0.41
O -9.70964289794 1.54385578038 -8.67410370004 -0.82
H -9.95000770183 2.47327751514 -8.67410370004 0.41
H -2.66426880573 -9.389131422 -1.24313367853 0.41
O -1.70426880573 -9.389131422 -1.24313367853 -0.82
H -1.94463360962 -8.45970968724 -1.24313367853 0.41
H -9.03351899818 -6.08321728514 -9.83725557065 0.41
O -8.07351899818 -6.08321728514 -9.83725557065 -0.82
H -8.31388380208 -5.15379555037 -9.83725557065 0.41
H 7.38802829817 -8.64745253774 -7.75389813657 0.41
O 8.34802829817 -8.64745253774 -7.75389813657 -0.82
H 8.10766349428 -7.71803080298 -7.75389813657 0.41
H 9.1453081255 8.46082787808 -8.91027247019 0.41
O 10.1053081255 8.46082787808 -8.91027247019 -0.82
H 9.86494332161 9.39024961284 -8.91027247019 0.41
H -3.70288774908 7.99758185742 5.96157344833 0.41
O -2.74288774908 7.99758185742 5.96157344833 -0.82
H -2.98325255297 8.92700359219 5.96157344833 0.41
H -7.33806462806 1.03949133517 -8.44964604894 0.41
O -6.37806462806 1.03949133517 -8.44964604894 -0.82
H -6.61842943196 1.96891306993 -8.44964604894 0.41
H 8.64993365103 3.59587619167 9.75183854882 0.41
O 9.60993365103 3.59587619167 9.75183854882 -0.82
H 9.36956884714 4.52529792643 9.75183854882 0.41
H -7.05389207087 -9.2640821593 -1.22463992311 0.41
O -6.09389207087 -9.2640821593 -1.22463992311 -0.82
H -6.33425687476 -8.33466042454 -1.22463992311 0.41
H 9.49042514296 -5.78858245346 -10.5864458819 0.41
O 10.450425143 -5.78858245346 -10.5864458819 -0.82
H 10.2100603391 -4.8591607187 -10.5864458819 0.41
H 4.60701335689 -9.49601913378 -10.5307708327 0.41
O 5.56701335689 -9.49601913378 -10.5307708327 -0.82
H 5.326648553 -8.56659739902 -10.5307708327 0.41
H -4.78925938894 3.86522216086 9.26361680771 0.41
O -3.82925938894 3.86522216086 9.26361680771 -0.82
H -4.06962419284 4.79464389563 9.26361680771 0.41
H -10.5937635781 8.30574603028 3.15775091298 0.41
O -9.6337635781 8.30574603028 3.15775091298 -0.82
H -9.874128382 9.23516776504 3.15775091298 0.41
H -5.8500760565 10.8313761352 -7.75241201754 0.41
O -4.8900760565 10.8313761352 -7.75241201754 -0.82
H -5.13044086039 11.7607978699 -7.75241201754 0.41
H 8.50907989241 9.70374416778 5.63397096717 0.41
O 9.46907989241 9.70374416778 5.63397096717 -0.82
H 9.22871508852 10.6331659025 5.63397096717 0.41
H -8.96305003786 -0.119375818742 6.66127745472 0.41
O -8.00305003786 -0.119375818742 6.66127745472 -0.82
H -8.24341484176 0.810045916021 6.66127745472 0.41
H -2.95883052715 -9.70103644223 -6.8749442494 0.41
O -1.99883052715 -9.70103644223 -6.8749442494 -0.82
H -2.23919533104 -8.77161470747 -6.8749442494 0.41
H 0.854905398826 7.48813928515 -3.54936692455 0.41
O 1.81490539883 7.48813928515 -3.54936692455 -0.82
H 1.57454059493 8.41756101991 -3.54936692455 0.41
H -3.53541407776 8.83289327116 -8.62997265281 0.41
O -2.57541407776 8.83289327116 -8.62997265281 -0.82
H -2.81577888165 9.76231500592 -8.62997265281 0.41
H 8.57383717273 5.23925319815 6.93594580636 0.41
O 9.53383717273 5.23925319815 6.93594580636 -0.82
H 9.29347236884 6.16867493291 6.93594580636 0.41
H -4.19496426993 -9.7060672515 -8.68469965342 0.41
O -3.23496426993 -9.7060672515 -8.68469965342 -0.82
H -3.47532907382 -8.77664551673 -8.68469965342 0.41
H -10.0702798551 5.99414877581 2.42635742784 0.41
O -9.11027985505 5.99414877581 2.42635742784 -0.82
H -9.35064465894 6.92357051058 2.42635742784 0.41
H 10.6606725127 1.12031751208 -6.98875365616 0.41
O 11.6206725127 1.12031751208 -6.98875365616 -0.82
H 11.3803077088 2.04973924684 -6.98875365616 0.41
H -5.95212492589 -9.37254580587 -6.01018020009 0.41
O -4.99212492589 -9.37254580587 -6.01018020009 -0.82
H -5.23248972979 -8.44312407111 -6.01018020009 0.41
H 1.5662544502 -9.9270866342 -5.15899082075 0.41
O 2.5262544502 -9.9270866342 -5.15899082075 -0.82
H 2.28588964631 -8.99766489944 -5.15899082075 0.41
H 3.99029515869 -3.80394050902 -8.22017732326 0.41
O 4.95029515869 -3.80394050902 -8.22017732326 -0.82
H 4.7099303548 -2.87451877426 -8.22017732326 0.41
H -8.71309768684 10.227437691 -5.17226825605 0.41
O -7.75309768684 10.227437691 -5.17226825605 -0.82
H -7.99346249073 11.1568594258 -5.17226825605 0.41
H 3.87291604529 -8.00327055283 -8.57469397997 0.41
O 4.83291604529 -8.00327055283 -8.57469397997 -0.82
H 4.5925512414 -7.07384881807 -8.57469397997 0.41
H 7.55875748421 -6.25945588258 7.54278685242 0.41
O 8.51875748421 -6.25945588258 7.54278685242 -0.82
H 8.27839268031 -5.33003414782 7.54278685242 0.41
H 3.3114094485 0.798345941113 -9.30978422938 0.41
O 4.2714094485 0.798345941113 -9.30978422938 -0.82
H 4.03104464461 1.72776767588 -9.30978422938 0.41
H -8.49482541687 0.550308159736 -6.06392214036 0.41
O -7.53482541687 0.550308159736 -6.06392214036 -0.82
H -7.77519022077 1.4797298945 -6.06392214036 0.41
H 6.23503551285 -8.733740534 10.8885017959 0.41
O 7.19503551285 -8.733740534 10.8885017959 -0.82
H 6.95467070895 -7.80431879923 10.8885017959 0.41
H -2.04067801414 -3.46474744213 7.44974516303 0.41
O -1.08067801414 -3.46474744213 7.44974516303 -0.82
H -1.32104281803 -2.53532570737 7.44974516303 0.41
H -10.9332817734 10.9625503197 -4.31420307367 0.41
O -9.9732817734 10.9625503197 -4.31420307367 -0.82
H -10.2136465773 11.8919720544 -4.31420307367 0.41
H -8.17930197436 -5.51603148306 9.88515928494 0.41
O -7.21930197436 -5.51603148306 9.88515928494 -0.82
H -7.45966677825 -4.58660974829 9.88515928494 0.41
H 5.25883316961 7.16027264696 0.205452657291 0.41
O 6.21883316961 7.16027264696 0.205452657291 -0.82
H 5.97846836572 8.08969438172 0.205452657291 0.41
H 3.58093624703 10.1955042121 9.52132625971 0.41
O 4.54093624703 10.1955042121 9.52132625971 -0.82
H 4.30057144314 11.1249259469 9.52132625971 0.41
H 9.57457155811 -3.83787699874 4.49815474928 0.41
O 10.5345715581 -3.83787699874 4.49815474928 -0.82
H 10.2942067542 -2.90845526397 4.49815474928 0.41
H -5.4606507778 -9.79567906113 7.76328015808 0.41
O -4.5006507778 -9.79567906113 7.76328015808 -0.82
H -4.74101558169 -8.86625732637 7.76328015808 0.41
H -1.57893781347 8.4532672297 -9.56230424787 0.41
O -0.618937813474 8.4532672297 -9.56230424787 -0.82
H -0.859302617366 9.38268896447 -9.56230424787 0.41
H -8.78599621257 -7.35673141964 -8.58983504295 0.41
O -7.82599621257 -7.35673141964 -8.58983504295 -0.82
H -8.06636101646 -6.42730968487 -8.58983504295 0.41
H -9.24837489796 -0.0162756202171 8.69406595168 0.41
O -8.28837489796 -0.0162756202171 8.69406595168 -0.82
H -8.52873970185 0.913146114546 8.69406595168 0.41
H 6.10259019741 -9.75196604679 10.7929700955 0.41
O 7.06259019741 -9.75196604679 10.7929700955 -0.82
H 6.82222539352 -8.82254431203 10.7929700955 0.41
H 7.15978341436 0.11887917044 8.30654215914 0.41
O 8.11978341436 0.11887917044 8.30654215914 -0.82
H 7.87941861047 1.0483009052 8.30654215914 0.41
H 4.49228760224 5.98306539534 -7.76929886543 0.41
O 5.45228760224 5.98306539534 -7.76929886543 -0.82
H 5.21192279834 6.9124871301 -7.76929886543 0.41
H 5.71485571982 -10.4225384704 5.63463236956 0.41
O 6.67485571982 -10.4225384704 5.63463236956 -0.82
H 6.43449091593 -9.49311673568 5.63463236956 0.41
H -9.96749844519 1.95619654592 -1.74875663685 0.41
O -9.00749844519 1.95619654592 -1.74875663685 -0.82
H -9.24786324909 2.88561828069 -1.74875663685 0.41
H 10.5004167132 7.86814746792 7.050941762 0.41
O 11.4604167132 7.86814746792 7.050941762 -0.82
H 11.2200519094 8.79756920269 7.050941762 0.41
H 9.47084728016 -10.0491001078 -1.4124359376 0.41
O 10.4308472802 -10.0491001078 -1.4124359376 -0.82
H 10.1904824763 -9.11967837301 -1.4124359376 0.41
H -5.09434724265 -7.10695907354 -5.96787842417 0.41
O -4.13434724265 -7.10695907354 -5.96787842417 -0.82
H -4.37471204654 -6.17753733878 -5.96787842417 0.41
H -8.75343091478 -6.36528625269 -9.70558356651 0.41
O -7.79343091478 -6.36528625269 -9.70558356651 -0.82
H -8.03379571867 -5.43586451793 -9.70558356651 0.41
H -6.0349557503 -1.43129613641 7.23125223574 0.41
O -5.0749557503 -1.43129613641 7.23125223574 -0.82
H -5.31532055419 -0.501874401647 7.23125223574 0.41
H -4.18705449028 -6.89411760091 -8.9901156895 0.41
O -3.22705449028 -6.89411760091 -8.9901156895 -0.82
H -3.46741929417 -5.96469586615 -8.9901156895 0.41
H 7.22379418409 2.42546177474 10.3689167041 0.41
O 8.18379418409 2.42546177474 10.3689167041 -0.82
H 7.9434293802 3.3548835095 10.3689167041 0.41
H -5.94232725916 3.77343981989 -10.9945514583 0.41
O -4.98232725916 3.77343981989 -10.9945514583 -0.82
H -5.22269206305 4.70286155465 -10.9945514583 0.41
H -9.09158471841 8.65322031702 4.93281286962 0.41
O -8.13158471841 8.65322031702 4.93281286962 -0.82
H -8.3719495223 9.58264205179 4.93281286962 0.41
H -7.7085096079 -1.78231007703 -8.76976882881 0.41
O -6.7485096079 -1.78231007703 -8.76976882881 -0.82
H -6.98887441179 -0.852888342269 -8.76976882881 0.41
H -7.69142344801 -10.6567374075 -6.05085352837 0.41
O -6.73142344801 -10.6567374075 -6.05085352837 -0.82
H -6.97178825191 -9.72731567278 -6.05085352837 0.41
H 4.70076025154 10.5857573545 8.64010827592 0.41
O 5.66076025154 10.5857573545 8.64010827592 -0.82
H 5.42039544765 11.5151790892 8.64010827592 0.41
H -9.74211887839 10.4137635162 10.5164348552 0.41
O -8.78211887839 10.4137635162 10.5164348552 -0.82
H -9.02248368228 11.343185251 10.5164348552 0.41
H 0.0646770969407 1.3579477976 7.52243764324 0.41
O 1.02467709694 1.3579477976 7.52243764324 -0.82
H 0.784312293048 2.28736953236 7.52243764324 0.41
H -1.50172891074 4.13788086498 -8.8884936165 0.41
O -0.541728910744 4.13788086498 -8.8884936165 -0.82
H -0.782093714636 5.06730259975 -8.8884936165 0.41
H 7.37972702936 7.58297043514 -6.76832242058 0.41
O 8.33972702936 7.58297043514 -6.76832242058 -0.82
H 8.09936222547 8.5123921699 -6.76832242058 0.41
H -0.0180122417843 10.3441168534 -10.6786430244 0.41
O 0.941987758216 10.3441168534 -10.6786430244 -0.82
H 0.701622954323 11.2735385882 -10.6786430244 0.41
H 6.6760887953 1.72228164313 -10.4503831481 0.41
O 7.6360887953 1.72228164313 -10.4503831481 -0.82
H 7.39572399141 2.65170337789 -10.4503831481 0.41
H 9.37328307959 -6.73514148412 -4.66058403335 0.41
O 10.3332830796 -6.73514148412 -4.66058403335 -0.82
H 10.0929182757 -5.80571974936 -4.66058403335 0.41
H -9.83276324818 8.840060386 -2.0525042321 0.41
O -8.87276324818 8.840060386 -2.0525042321 -0.82
H -9.11312805207 9.76948212077 -2.0525042321 0.41
H 4.20453751738 10.7842037057 10.4634296457 0.41
O 5.16453751738 10.7842037057 10.4634296457 -0.82
H 4.92417271349 11.7136254405 10.4634296457 0.41
H 6.17762751251 -7.27670717892 -8.75609376146 0.41
O 7.13762751251 -7.27670717892 -8.75609376146 -0.82
H 6.89726270862 -6.34728544415 -8.75609376146 0.41
H 1.87231032059 -0.125855817709 -7.41707831643 0.41
O 2.83231032059 -0.125855817709 -7.41707831643 -0.82
H 2.5919455167 0.803565917054 -7.41707831643 0.41
H 9.42181271597 10.9362472893 4.38234891314 0.41
O 10.381812716 10.9362472893 4.38234891314 -0.82
H 10.1414479121 11.8656690241 4.38234891314 0.41
H -6.32262443769 5.16334596132 -9.85477819776 0.41
O -5.36262443769 5.16334596132 -9.85477819776 -0.82
H -5.60298924158 6.09276769608 -9.85477819776 0.41
H 6.11719504115 -9.21471450287 9.23920058606 0.41
O 7.07719504115 -9.21471450287 9.23920058606 -0.82
H 6.83683023726 -8.28529276811 9.23920058606 0.41
H -3.42135039483 -4.89722556372 -9.90358912472 0.41
O -2.46135039483 -4.89722556372 -9.90358912472 -0.82
H -2.70171519872 -3.96780382896 -9.90358912472 0.41
H 7.15337653714 2.15499673694 -1.92574233488 0.41
O 8.11337653714 2.15499673694 -1.92574233488 -0.82
H 7.87301173325 3.0844184717 -1.92574233488 0.41
H -7.82247584698 -9.46127462331 1.52754572736 0.41
O -6.86247584698 -9.46127462331 1.52754572736 -0.82
H -7.10284065087 -8.53185288855 1.52754572736 0.41
H 9.60799066331 -8.16827454864 6.5489140209 0.41
O 10.5679906633 -8.16827454864 6.5489140209 -0.82
H 10.3276258594 -7.23885281388 6.5489140209 0.41
