H 9.41618026647 -12.4620780577 7.8872045572
O 10.3761802665 -12.4620780577 7.8872045572
H 10.1358154626 -11.532656323 7.8872045572
H 11.7293071769 11.903932057 8.85094905511
O 12.6893071769 11.903932057 8.85094905511
H 12.448942373 12.8333537918 8.85094905511
H -10.1564734716 0.538898840293 -11.1795753419
O -9.19647347157 0.538898840293 -11.1795753419
H -9.43683827546 1.46832057506 -11.1795753419
H 5.30507503616 4.00860268275 12.3685998729
O 6.26507503616 4.00860268275 12.3685998729
H 6.02471023227 4.93802441751 12.3685998729
H 3.92709392724 11.7763637746 12.652885512
O 4.88709392724 11.7763637746 12.652885512
H 4.64672912334 12.7057855094 12.652885512
H 0.245162821646 -10.5683291942 11.2161938012
O 1.20516282165 -10.5683291942 11.2161938012
H 0.964798017753 -9.63890745946 11.2161938012
H 12.9367040525 -0.712173074424 4.83019483398
O 13.8967040525 -0.712173074424 4.83019483398
H 13.6563392486 0.217248660339 4.83019483398
H -2.28489991347 -8.11871383546 -11.3569254067
O -1.32489991347 -8.11871383546 -11.3569254067
H -1.56526471736 -7.18929210069 -11.3569254067
H -11.5082772449 12.864788261 3.01190465013
O -10.5482772449 12.864788261 3.01190465013
H -10.7886420488 13.7942099958 3.01190465013
H 11.3922050169 8.55126300932 10.0147498471
O 12.3522050169 8.55126300932 10.0147498471
H 12.111840213 9.48068474408 10.0147498471
H 7.58212575172 -12.0426144815 -0.429558067875
O 8.54212575172 -12.0426144815 -0.429558067875
H 8.30176094783 -11.1131927467 -0.429558067875
H -8.14795680395 11.8632200415 12.6752420609
O -7.18795680395 11.8632200415 12.6752420609
H -7.42832160785 12.7926417762 12.6752420609
H 12.6096470322 -11.752483925 -7.77023874627
O 13.5696470322 -11.752483925 -7.77023874627
H 13.3292822283 -10.8230621903 -7.77023874627
H -6.46662610717 -2.05508836894 11.7004363569
O -5.50662610717 -2.05508836894 11.7004363569
H -5.74699091106 -1.12566663418 11.7004363569
H -11.9456762539 -0.232444587964 11.7258532504
O -10.9856762539 -0.232444587964 11.7258532504
H -11.2260410578 0.696977146799 11.7258532504
H 0.404701279208 -11.7993719495 -6.03525686609
O 1.36470127921 -11.7993719495 -6.03525686609
H 1.12433647532 -10.8699502147 -6.03525686609
H 6.92412762521 -11.7222854564 -5.20362997279
O 7.88412762521 -11.7222854564 -5.20362997279
H 7.64376282132 -10.7928637216 -5.20362997279
H 12.2534711355 -11.5209302607 -12.9800477881
O 13.2134711355 -11.5209302607 -12.9800477881
H 12.9731063317 -10.5915085259 -12.9800477881
H 11.6559361967 -9.75003089883 11.6927448949
O 12.6159361967 -9.75003089883 11.6927448949
H 12.3755713928 -8.82060916407 11.6927448949
H 6.68141620557 -12.3144301084 -11.9607597853
O 7.64141620557 -12.3144301084 -11.9607597853
H 7.40105140167 -11.3850083736 -11.9607597853
H 12.9632551037 6.10159569048 -3.01945289576
O 13.9232551037 6.10159569048 -3.01945289576
H 13.6828902998 7.03101742524 -3.01945289576
H -11.1657300662 -3.13979388066 9.24921907017
O -10.2057300662 -3.13979388066 9.24921907017
H -10.4460948701 -2.21037214589 9.24921907017
H -12.1662514154 6.63474758862 -11.0787922765
O -11.2062514154 6.63474758862 -11.0787922765
H -11.4466162193 7.56416932339 -11.0787922765
H -12.745839716 9.70861781234 -4.2928575651
O -11.785839716 9.70861781234 -4.2928575651
H -12.0262045199 10.6380395471 -4.2928575651
H -0.855556396503 12.8567727605 12.1834574923
O 0.104443603497 12.8567727605 12.1834574923
H -0.135921200395 13.7861944953 12.1834574923
H 8.19755480743 -1.54311961022 -12.1663648018
O 9.15755480743 -1.54311961022 -12.1663648018
H 8.91719000354 -0.613697875458 -12.1663648018
H 2.40918193827 -5.00147006739 -11.4042423347
O 3.36918193827 -5.00147006739 -11.4042423347
H 3.12881713438 -4.07204833263 -11.4042423347
H -11.9161450985 -12.7963122212 -7.22080355597
O -10.9561450985 -12.7963122212 -7.22080355597
H -11.1965099024 -11.8668904865 -7.22080355597
H -12.7745568383 3.49542504325 -9.61147042545
O -11.8145568383 3.49542504325 -9.61147042545
H -12.0549216422 4.42484677802 -9.61147042545
H -8.48791493638 12.9782302882 12.7212475624
O -7.52791493638 12.9782302882 12.7212475624
H -7.76827974027 13.9076520229 12.7212475624
H -11.49592356 -7.76846654521 0.105603961866
O -10.53592356 -7.76846654521 0.105603961866
H -10.7762883639 -6.83904481045 0.105603961866
H 1.03010892867 -12.746727097 6.70196630988
O 1.99010892867 -12.746727097 6.70196630988
H 1.74974412478 -11.8173053622 6.70196630988
H 10.1717029149 -12.1634297322 -6.60412599368
O 11.1317029149 -12.1634297322 -6.60412599368
H 10.891338111 -11.2340079975 -6.60412599368
H -9.89482390487 -12.5174633064 -0.931251965763
O -8.93482390487 -12.5174633064 -0.931251965763
H -9.17518870876 -11.5880415716 -0.931251965763
H 8.31273570162 -9.44684410169 12.5376921038
O 9.27273570162 -9.44684410169 12.5376921038
H 9.03237089773 -8.51742236693 12.5376921038
H -12.885653138 5.10203131461 -5.42112455098
O -11.925653138 5.10203131461 -5.42112455098
H -12.1660179419 6.03145304937 -5.42112455098
H 4.43138219276 -12.5426252433 12.5179456395
O 5.39138219276 -12.5426252433 12.5179456395
H 5.15101738887 -11.6132035085 12.5179456395
H -12.9800151841 5.5240015311 -7.68536995803
O -12.0200151841 5.5240015311 -7.68536995803
H -12.260379988 6.45342326586 -7.68536995803
H -11.6836771451 -1.94927119254 -12.2082562923
O -10.7236771451 -1.94927119254 -12.2082562923
H -10.964041949 -1.01984945778 -12.2082562923
H 1.415963498 -12.1311411857 0.726766047649
O 2.375963498 -12.1311411857 0.726766047649
H 2.13559869411 -11.201719451 0.726766047649
H -9.56764606412 1.13905065119 -11.3117275948
O -8.60764606412 1.13905065119 -11.3117275948
H -8.84801086801 2.06847238595 -11.3117275948
H -12.9329365336 0.776277805552 -11.3972870679
O -11.9729365336 0.776277805552 -11.3972870679
H -12.2133013375 1.70569954031 -11.3972870679
H 4.66448344863 -8.19368855074 -12.6391826476
O 5.62448344863 -8.19368855074 -12.6391826476
H 5.38411864474 -7.26426681597 -12.6391826476
H -11.9640777538 2.71169755569 -4.70993459351
O -11.0040777538 2.71169755569 -4.70993459351
H -11.2444425577 3.64111929045 -4.70993459351
H 6.1033170891 11.4527422389 -11.6481314338
O 7.0633170891 11.4527422389 -11.6481314338
H 6.82295228521 12.3821639737 -11.6481314338
H -11.676040046 -2.71576988275 -8.69872664841
O -10.716040046 -2.71576988275 -8.69872664841
H -10.9564048499 -1.78634814799 -8.69872664841
H 5.4351349467 6.86021941694 12.8289341386
O 6.3951349467 6.86021941694 12.8289341386
H 6.1547701428 7.7896411517 12.8289341386
H -11.3557275033 -6.09357822367 -5.70070607535
O -10.3957275033 -6.09357822367 -5.70070607535
H -10.6360923072 -5.16415648891 -5.70070607535
H 10.7154843172 12.4088393522 10.235618814
O 11.6754843172 12.4088393522 10.235618814
H 11.4351195133 13.3382610869 10.235618814
H 9.39226969812 -11.6690020964 -2.29290697183
O 10.3522696981 -11.6690020964 -2.29290697183
H 10.1119048942 -10.7395803616 -2.29290697183
H -12.3227308006 8.54198194718 5.16942095674
O -11.3627308006 8.54198194718 5.16942095674
H -11.6030956045 9.47140368194 5.16942095674
H -12.8006135973 4.63895944029 2.65290071441
O -11.8406135973 4.63895944029 2.65290071441
H -12.0809784012 5.56838117506 2.65290071441
H -7.1263688653 7.80207474758 -12.6736602958
O -6.1663688653 7.80207474758 -12.6736602958
H -6.40673366919 8.73149648234 -12.6736602958
H 12.2383817506 -3.7941359947 -4.44242871052
O 13.1983817506 -3.7941359947 -4.44242871052
H 12.9580169467 -2.86471425994 -4.44242871052
H -6.87513893536 -12.6763358577 -12.0094122763
O -5.91513893536 -12.6763358577 -12.0094122763
H -6.15550373925 -11.746914123 -12.0094122763
H -12.4805934984 -11.5693403618 -3.84409645822
O -11.5205934984 -11.5693403618 -3.84409645822
H -11.7609583023 -10.6399186271 -3.84409645822
H 2.69309831533 -11.0871546071 -9.50353258192
O 3.65309831533 -11.0871546071 -9.50353258192
H 3.41273351144 -10.1577328723 -9.50353258192
H 11.3006322067 3.97128137323 0.561923285757
O 12.2606322067 3.97128137323 0.561923285757
H 12.0202674028 4.90070310799 0.561923285757
H 7.0890789228 5.0741613988 11.4666925366
O 8.0490789228 5.0741613988 11.4666925366
H 7.80871411891 6.00358313357 11.4666925366
H 7.12137792776 12.5097536372 3.74144679099
O 8.08137792776 12.5097536372 3.74144679099
H 7.84101312387 13.439175372 3.74144679099
H 4.00489836257 -12.4277958807 0.870248140091
O 4.96489836257 -12.4277958807 0.870248140091
H 4.72453355867 -11.498374146 0.870248140091
H 12.3910750136 -8.05855835937 9.39592571134
O 13.3510750136 -8.05855835937 9.39592571134
H 13.1107102097 -7.12913662461 9.39592571134
H 12.6236626393 2.67642482511 -11.1323564764
O 13.5836626393 2.67642482511 -11.1323564764
H 13.3432978354 3.60584655987 -11.1323564764
H -12.6707793599 -5.44655285857 -12.5009563051
O -11.7107793599 -5.44655285857 -12.5009563051
H -11.9511441638 -4.51713112381 -12.5009563051
H 12.086821588 -1.9846358776 -11.8674823907
O 13.046821588 -1.9846358776 -11.8674823907
H 12.8064567841 -1.05521414284 -11.8674823907
H -11.0053362037 1.90960196391 0.78857352132
O -10.0453362037 1.90960196391 0.78857352132
H -10.2857010076 2.83902369868 0.78857352132
H 4.02263767381 -3.69726785342 -11.8618483457
O 4.98263767381 -3.69726785342 -11.8618483457
H 4.74227286992 -2.76784611866 -11.8618483457
H 11.467807936 10.9108171124 12.6110626163
O 12.427807936 10.9108171124 12.6110626163
H 12.1874431321 11.8402388472 12.6110626163
H -5.16574695288 -11.8463485627 -7.02407482618
O -4.20574695288 -11.8463485627 -7.02407482618
H -4.44611175677 -10.9169268279 -7.02407482618
H 11.2758283691 6.54574632059 -8.07950090942
O 12.2358283691 6.54574632059 -8.07950090942
H 11.9954635652 7.47516805535 -8.07950090942
H -11.5721026633 -0.830702585883 -12.9497473281
O -10.6121026633 -0.830702585883 -12.9497473281
H -10.8524674672 0.0987191488799 -12.9497473281
H -4.63477454434 12.0612733289 -11.6240904318
O -3.67477454434 12.0612733289 -11.6240904318
H -3.91513934823 12.9906950636 -11.6240904318
H -11.26552074 -5.71800924667 3.38487081029
O -10.30552074 -5.71800924667 3.38487081029
H -10.5458855439 -4.78858751191 3.38487081029
H -3.08926933391 11.3747706059 4.38120459319
O -2.12926933391 11.3747706059 4.38120459319
H -2.36963413781 12.3041923407 4.38120459319
H 12.9797910656 -11.2311655279 -5.27005513942
O 13.9397910656 -11.2311655279 -5.27005513942
H 13.6994262617 -10.3017437931 -5.27005513942
H 11.0521594778 -1.87554831098 5.61816820881
O 12.0121594778 -1.87554831098 5.61816820881
H 11.7717946739 -0.946126576219 5.61816820881
H 3.22238001709 11.4280954216 5.35228830222
O 4.18238001709 11.4280954216 5.35228830222
H 3.9420152132 12.3575171564 5.35228830222
H 11.1837769874 7.32214332822 11.4071814546
O 12.1437769874 7.32214332822 11.4071814546
H 11.9034121835 8.25156506299 11.4071814546
H -0.956399582708 12.1959013056 3.90069829317
O 0.00360041729223 12.1959013056 3.90069829317
H -0.2367643866 13.1253230404 3.90069829317
H -12.9734342344 -9.54507364589 7.96858338945
O -12.0134342344 -9.54507364589 7.96858338945
H -12.2537990383 -8.61565191112 7.96858338945
H 6.51582054518 -11.4695801031 7.58456497926
O 7.47582054518 -11.4695801031 7.58456497926
H 7.23545574128 -10.5401583684 7.58456497926
H -12.715015696 9.31556986555 12.5265333396
O -11.755015696 9.31556986555 12.5265333396
H -11.9953804999 10.2449916003 12.5265333396
H 12.4705518592 -4.18154282153 -11.522084009
O 13.4305518592 -4.18154282153 -11.522084009
H 13.1901870553 -3.25212108677 -11.522084009
H -10.8882105259 -11.5889984493 4.73433943605
O -9.9282105259 -11.5889984493 4.73433943605
H -10.1685753298 -10.6595767146 4.73433943605
H 4.79890161378 -7.07205577066 -12.7471696346
O 5.75890161378 -7.07205577066 -12.7471696346
H 5.51853680989 -6.1426340359 -12.7471696346
H -12.8059915246 -8.23492859285 -0.598028984451
O -11.8459915246 -8.23492859285 -0.598028984451
H -12.0863563285 -7.30550685808 -0.598028984451
H 11.2554780947 -9.66996404713 -10.046496787
O 12.2154780947 -9.66996404713 -10.046496787
H 11.9751132908 -8.74054231237 -10.046496787
H -11.8808109197 -4.758230904 7.55904767538
O -10.9208109197 -4.758230904 7.55904767538
H -11.1611757236 -3.82880916924 7.55904767538
H -4.45260844357 1.93696275259 12.8975841735
O -3.49260844357 1.93696275259 12.8975841735
H -3.73297324746 2.86638448735 12.8975841735
H 7.45765212452 12.7391031462 -9.33010787601
O 8.41765212452 12.7391031462 -9.33010787601
H 8.17728732063 13.668524881 -9.33010787601
H 4.69504593218 6.26047672662 11.1106842395
O 5.65504593218 6.26047672662 11.1106842395
H 5.41468112829 7.18989846139 11.1106842395
H 3.1663990336 6.1095782051 -11.1832896443
O 4.1263990336 6.1095782051 -11.1832896443
H 3.88603422971 7.03899993986 -11.1832896443
H 3.90608415178 3.44719665156 11.7896187642
O 4.86608415178 3.44719665156 11.7896187642
H 4.62571934789 4.37661838632 11.7896187642
H -11.3461410749 -1.38941597413 3.67171571729
O -10.3861410749 -1.38941597413 3.67171571729
H -10.6265058788 -0.459994239368 3.67171571729
H 12.4865186519 5.63030242522 -7.22470639607
O 13.4465186519 5.63030242522 -7.22470639607
H 13.206153848 6.55972415998 -7.22470639607
H 4.39329705513 8.4602692096 -12.9267230352
O 5.35329705513 8.4602692096 -12.9267230352
H 5.11293225124 9.38969094436 -12.9267230352
H -3.84289449889 12.9769158049 -3.05315277392
O -2.88289449889 12.9769158049 -3.05315277392
H -3.12325930279 13.9063375397 -3.05315277392
H 12.4353337713 -9.70762764735 -6.80736915905
O 13.3953337713 -9.70762764735 -6.80736915905
H 13.1549689674 -8.77820591259 -6.80736915905
H -11.8715779934 -3.38641725975 -12.4329112365
O -10.9115779934 -3.38641725975 -12.4329112365
H -11.1519427973 -2.45699552499 -12.4329112365
H 11.2646378663 11.171170684 3.87073264289
O 12.2246378663 11.171170684 3.87073264289
H 11.9842730625 12.1005924187 3.87073264289
H -11.7711034143 2.91508073104 -0.639681027764
O -10.8111034143 2.91508073104 -0.639681027764
H -11.0514682182 3.8445024658 -0.639681027764
H -0.367521616209 -11.4605144582 -6.95126135197
O 0.592478383791 -11.4605144582 -6.95126135197
H 0.352113579899 -10.5310927235 -6.95126135197
H 11.4652078055 -9.18197076758 10.9147364811
O 12.4252078055 -9.18197076758 10.9147364811
H 12.1848430016 -8.25254903281 10.9147364811
H 11.657781844 1.56041404288 10.024078948
O 12.617781844 1.56041404288 10.024078948
H 12.3774170401 2.48983577764 10.024078948
H 3.58064738794 -11.0560557445 12.5136011366
O 4.54064738794 -11.0560557445 12.5136011366
H 4.30028258404 -10.1266340097 12.5136011366
H -5.98227371183 6.35978257562 12.6492084789
O -5.02227371183 6.35978257562 12.6492084789
H -5.26263851572 7.28920431038 12.6492084789
H -12.3603884314 -5.47981420788 -5.62564698695
O -11.4003884314 -5.47981420788 -5.62564698695
H -11.6407532353 -4.55039247311 -5.62564698695
H 12.2854428779 5.71739545518 5.34624659999
O 13.2454428779 5.71739545518 5.34624659999
H 13.005078074 6.64681718994 5.34624659999
H 8.40772469277 11.2346673421 -8.34950739873
O 9.36772469277 11.2346673421 -8.34950739873
H 9.12735988888 12.1640890769 -8.34950739873
H -6.50034772392 -2.63518893699 11.0454917585
O -5.54034772392 -2.63518893699 11.0454917585
H -5.78071252782 -1.70576720223 11.0454917585
H -5.56035509133 -12.583206946 12.7153378764
O -4.60035509133 -12.583206946 12.7153378764
H -4.84071989523 -11.6537852113 12.7153378764
H 3.07600939839 -12.9254227229 6.28534942278
O 4.03600939839 -12.9254227229 6.28534942278
H 3.7956445945 -11.9960009881 6.28534942278
H 11.0211186558 9.50209793795 -8.93860117407
O 11.9811186558 9.50209793795 -8.93860117407
H 11.7407538519 10.4315196727 -8.93860117407
H 11.8277452667 -5.27830096215 3.19324579422
O 12.7877452667 -5.27830096215 3.19324579422
H 12.5473804628 -4.34887922739 3.19324579422
H -4.4010099327 -12.3738386826 -11.1399886689
O -3.4410099327 -12.3738386826 -11.1399886689
H -3.68137473659 -11.4444169478 -11.1399886689
H -12.4560828226 -8.22766348156 7.32116166406
O -11.4960828226 -8.22766348156 7.32116166406
H -11.7364476265 -7.2982417468 7.32116166406
H 3.8257176997 0.895474900402 -12.3016460646
O 4.7857176997 0.895474900402 -12.3016460646
H 4.54535289581 1.82489663517 -12.3016460646
H -12.0095617696 11.623507539 11.7240678871
O -11.0495617696 11.623507539 11.7240678871
H -11.2899265735 12.5529292737 11.7240678871
H 2.95704613847 -11.3821594716 8.81294238814
O 3.91704613847 -11.3821594716 8.81294238814
H 3.67668133458 -10.4527377369 8.81294238814
H -5.03477080603 11.4527402565 12.5692708116
O -4.07477080603 11.4527402565 12.5692708116
H -4.31513560992 12.3821619912 12.5692708116
H -1.65150932872 -11.1584989822 -10.0813693251
O -0.691509328724 -11.1584989822 -10.0813693251
H -0.931874132616 -10.2290772474 -10.0813693251
H 12.162820565 12.3181437848 -0.106166738855
O 13.122820565 12.3181437848 -0.106166738855
H 12.8824557611 13.2475655196 -0.106166738855
H 3.65269226463 -11.8142265098 -1.47834160896
O 4.61269226463 -11.8142265098 -1.47834160896
H 4.37232746074 -10.8848047751 -1.47834160896
H -1.82811629283 -6.69645904789 -12.9956574678
O -0.868116292831 -6.69645904789 -12.9956574678
H -1.10848109672 -5.76703731313 -12.9956574678
H 12.1975471919 -12.9040883949 11.4725336678
O 13.1575471919 -12.9040883949 11.4725336678
H 12.917182388 -11.9746666601 11.4725336678
H 11.9992281783 7.61752361528 11.651684405
O 12.9592281783 7.61752361528 11.651684405
H 12.7188633744 8.54694535004 11.651684405
H -5.53536064397 -11.2414189028 -4.55544618972
O -4.57536064397 -11.2414189028 -4.55544618972
H -4.81572544787 -10.311997168 -4.55544618972
H 11.5102487659 4.21670985469 6.71613331321
O 12.4702487659 4.21670985469 6.71613331321
H 12.229883962 5.14613158945 6.71613331321
H 8.51281026505 4.34214539423 11.5445672613
O 9.47281026505 4.34214539423 11.5445672613
H 9.23244546116 5.27156712899 11.5445672613
H 8.57763210218 -11.1601772189 11.1034158247
O 9.53763210218 -11.1601772189 11.1034158247
H 9.29726729829 -10.2307554841 11.1034158247
H 4.6833527368 3.25724193133 -12.939583521
O 5.6433527368 3.25724193133 -12.939583521
H 5.4029879329 4.1866636661 -12.939583521
H 12.2819036607 1.45263555499 2.02137945359
O 13.2419036607 1.45263555499 2.02137945359
H 13.0015388568 2.38205728975 2.02137945359
H 11.2041214224 9.67765496428 -0.409993519081
O 12.1641214224 9.67765496428 -0.409993519081
H 11.9237566185 10.607076699 -0.409993519081
H 5.3983509513 -11.7914176267 8.36719735506
O 6.3583509513 -11.7914176267 8.36719735506
H 6.11798614741 -10.8619958919 8.36719735506
H 11.8994135301 -11.6634655318 -1.0168208117
O 12.8594135301 -11.6634655318 -1.0168208117
H 12.6190487263 -10.734043797 -1.0168208117
H 12.3400377939 9.08659006795 3.14051420603
O 13.3000377939 9.08659006795 3.14051420603
H 13.05967299 10.0160118027 3.14051420603
H 11.6573807769 -3.65031653873 9.26967283505
O 12.6173807769 -3.65031653873 9.26967283505
H 12.377015973 -2.72089480396 9.26967283505
H 12.0317019646 4.68985120746 -4.16738378408
O 12.9917019646 4.68985120746 -4.16738378408
H 12.7513371607 5.61927294222 -4.16738378408
H -7.11057329178 1.04340837853 -11.3741001237
O -6.15057329178 1.04340837853 -11.3741001237
H -6.39093809567 1.9728301133 -11.3741001237
H 4.17222203673 2.12435374346 12.1709711475
O 5.13222203673 2.12435374346 12.1709711475
H 4.89185723284 3.05377547822 12.1709711475
H 11.8950246334 -12.6400857806 -9.40885955044
O 12.8550246334 -12.6400857806 -9.40885955044
H 12.6146598296 -11.7106640458 -9.40885955044
H -12.2689925795 -3.21466372112 11.3931354798
O -11.3089925795 -3.21466372112 11.3931354798
H -11.5493573834 -2.28524198636 11.3931354798
H -10.9835222455 -12.480389183 -11.6506889341
O -10.0235222455 -12.480389183 -11.6506889341
H -10.2638870494 -11.5509674482 -11.6506889341
H -5.36609221785 12.4200666042 0.389882080326
O -4.40609221785 12.4200666042 0.389882080326
H -4.64645702174 13.3494883389 0.389882080326
H -12.9705063309 -6.28802548024 3.50281094676
O -12.0105063309 -6.28802548024 3.50281094676
H -12.2508711348 -5.35860374548 3.50281094676
H 2.36367689127 12.0548524424 12.1105222826
O 3.32367689127 12.0548524424 12.1105222826
H 3.08331208738 12.9842741771 12.1105222826
H -10.5101453641 2.43904250694 -12.4371507598
O -9.55014536408 2.43904250694 -12.4371507598
H -9.79051016797 3.3684642417 -12.4371507598
H 8.32310296279 -12.675292374 -4.99764588811
O 9.28310296279 -12.675292374 -4.99764588811
H 9.0427381589 -11.7458706393 -4.99764588811
H 12.3875106553 -5.57793955732 0.0312286272652
O 13.3475106553 -5.57793955732 0.0312286272652
H 13.1071458514 -4.64851782256 0.0312286272652
H 4.91052506591 -8.64846391132 -11.9423747972
O 5.87052506591 -8.64846391132 -11.9423747972
H 5.63016026202 -7.71904217656 -11.9423747972
H 2.20308893194 -9.76229387051 11.117312748
O 3.16308893194 -9.76229387051 11.117312748
H 2.92272412804 -8.83287213575 11.117312748
H -5.88716229216 11.2397568195 10.0311271287
O -4.92716229216 11.2397568195 10.0311271287
H -5.16752709605 12.1691785542 10.0311271287
H -12.7743439704 -9.96152924678 -4.65954380364
O -11.8143439704 -9.96152924678 -4.65954380364
H -12.0547087743 -9.03210751201 -4.65954380364
H -12.1203294903 7.4916162775 6.55672842405
O -11.1603294903 7.4916162775 6.55672842405
H -11.4006942942 8.42103801226 6.55672842405
H 11.8091760306 3.92245648943 12.2195916101
O 12.7691760306 3.92245648943 12.2195916101
H 12.5288112267 4.85187822419 12.2195916101
H -2.88283325951 12.793396385 12.1682849175
O -1.92283325951 12.793396385 12.1682849175
H -2.1631980634 13.7228181197 12.1682849175
H -11.8602847497 -0.592482666447 -7.6655422297
O -10.9002847497 -0.592482666447 -7.6655422297
H -11.1406495536 0.336939068316 -7.6655422297
H 4.86313954525 -12.4793421867 11.8327051501
O 5.82313954525 -12.4793421867 11.8327051501
H 5.58277474136 -11.5499204519 11.8327051501
H -9.38832021064 8.91456912341 -11.0493656752
O -8.42832021064 8.91456912341 -11.0493656752
H -8.66868501453 9.84399085817 -11.0493656752
H 5.64188328434 11.1663065496 2.78540208981
O 6.60188328434 11.1663065496 2.78540208981
H 6.36151848044 12.0957282844 2.78540208981
H 0.271418910184 11.7303707865 9.24796852903
O 1.23141891018 11.7303707865 9.24796852903
H 0.991054106292 12.6597925213 9.24796852903
H -10.094545559 2.98506134822 -11.0326049573
O -9.134545559 2.98506134822 -11.0326049573
H -9.37491036289 3.91448308298 -11.0326049573
H -11.7426453123 9.60820255249 -12.0466791727
O -10.7826453123 9.60820255249 -12.0466791727
H -11.0230101162 10.5376242873 -12.0466791727
H 11.9608073606 3.78376151888 9.51378812746
O 12.9208073606 3.78376151888 9.51378812746
H 12.6804425567 4.71318325364 9.51378812746
H 2.77452964906 3.54506583349 -11.3129041739
O 3.73452964906 3.54506583349 -11.3129041739
H 3.49416484517 4.47448756825 -11.3129041739
H 1.05946958709 11.4046273046 4.33714000946
O 2.01946958709 11.4046273046 4.33714000946
H 1.7791047832 12.3340490394 4.33714000946
H 0.73522123893 12.006773868 -5.65367220214
O 1.69522123893 12.006773868 -5.65367220214
H 1.45485643504 12.9361956027 -5.65367220214
H 7.25874612518 4.03143191105 12.1386038047
O 8.21874612518 4.03143191105 12.1386038047
H 7.97838132129 4.96085364582 12.1386038047
H 11.1165135724 4.00557619519 10.8734338942
O 12.0765135724 4.00557619519 10.8734338942
H 11.8361487685 4.93499792995 10.8734338942
H 11.8960714659 11.9021647879 8.48754167277
O 12.8560714659 11.9021647879 8.48754167277
H 12.615706662 12.8315865227 8.48754167277
H -11.5225309535 6.00845137627 5.13865457321
O -10.5625309535 6.00845137627 5.13865457321
H -10.8028957574 6.93787311103 5.13865457321
H -12.2377012734 -6.46010392842 11.282416553
O -11.2777012734 -6.46010392842 11.282416553
H -11.5180660773 -5.53068219365 11.282416553
H -8.12063648457 12.8079470085 12.5258237473
O -7.16063648457 12.8079470085 12.5258237473
H -7.40100128847 13.7373687433 12.5258237473
H 11.387116396 3.3134629164 7.54640925111
O 12.347116396 3.3134629164 7.54640925111
H 12.1067515921 4.24288465116 7.54640925111
H 2.86554055807 4.76841173237 -11.9939602505
O 3.82554055807 4.76841173237 -11.9939602505
H 3.58517575418 5.69783346713 -11.9939602505
H -6.79937151591 1.36420064212 11.6928720567
O -5.83937151591 1.36420064212 11.6928720567
H -6.07973631981 2.29362237688 11.6928720567
H 4.99705993541 12.5642861168 8.70026612479
O 5.95705993541 12.5642861168 8.70026612479
H 5.71669513151 13.4937078515 8.70026612479
H -12.9996551724 8.68550579382 3.70098771268
O -12.0396551724 8.68550579382 3.70098771268
H -12.2800199763 9.61492752858 3.70098771268
H 8.83818318033 -5.01441965276 -11.2581316304
O 9.79818318033 -5.01441965276 -11.2581316304
H 9.55781837644 -4.084997918 -11.2581316304
H -10.1974118242 12.7544745522 7.58252162144
O -9.2374118242 12.7544745522 7.58252162144
H -9.4777766281 13.6838962869 7.58252162144
H -9.2601652689 11.5990008942 -9.36697134853
O -8.3001652689 11.5990008942 -9.36697134853
H -8.54053007279 12.5284226289 -9.36697134853
H 11.9946785315 -11.5899230213 -10.5954736013
O 12.9546785315 -11.5899230213 -10.5954736013
H 12.7143137276 -10.6605012865 -10.5954736013
H 11.2066186051 -10.4144867693 -10.7513280544
O 12.1666186051 -10.4144867693 -10.7513280544
H 11.9262538012 -9.48506503449 -10.7513280544
H -12.3153722281 11.494717395 9.14717401057
O -11.3553722281 11.494717395 9.14717401057
H -11.595737032 12.4241391298 9.14717401057
H 8.76925829878 -12.2480683745 -8.10104571004
O 9.72925829878 -12.2480683745 -8.10104571004
H 9.48889349488 -11.3186466397 -8.10104571004
H 1.09852607626 -2.95559602104 12.3290643704
O 2.05852607626 -2.95559602104 12.3290643704
H 1.81816127237 -2.02617428628 12.3290643704
H -11.7196755412 2.69941639951 -11.2997910224
O -10.7596755412 2.69941639951 -11.2997910224
H -11.0000403451 3.62883813428 -11.2997910224
H 9.81800469756 11.4881744168 8.59615301487
O 10.7780046976 11.4881744168 8.59615301487
H 10.5376398937 12.4175961516 8.59615301487
H -8.07750939877 -9.00469225541 -11.8140342435
O -7.11750939877 -9.00469225541 -11.8140342435
H -7.35787420266 -8.07527052065 -11.8140342435
H 4.64901456304 -12.8025252367 -0.513939921393
O 5.60901456304 -12.8025252367 -0.513939921393
H 5.36864975915 -11.873103502 -0.513939921393
H 3.25384467796 -12.5794343017 -11.7023506262
O 4.21384467796 -12.5794343017 -11.7023506262
H 3.97347987407 -11.6500125669 -11.7023506262
H -10.331009074 -12.9514039706 -12.6346966604
O -9.37100907395 -12.9514039706 -12.6346966604
H -9.61137387785 -12.0219822359 -12.6346966604
H 0.0567306687492 12.8575900322 0.0892374047113
O 1.01673066875 12.8575900322 0.0892374047113
H 0.776365864857 13.7870117669 0.0892374047113
H -3.9558634671 -11.1564129814 4.22021339396
O -2.9958634671 -11.1564129814 4.22021339396
H -3.23622827099 -10.2269912466 4.22021339396
H 6.41998986572 12.5863238976 1.36146227569
O 7.37998986572 12.5863238976 1.36146227569
H 7.13962506183 13.5157456324 1.36146227569
H 7.69423389425 -12.2395376451 -4.08920623854
O 8.65423389425 -12.2395376451 -4.08920623854
H 8.41386909036 -11.3101159103 -4.08920623854
H 10.6488615905 -12.6438391324 -0.354379403396
O 11.6088615905 -12.6438391324 -0.354379403396
H 11.3684967866 -11.7144173977 -0.354379403396
H 11.2667494262 9.62536816388 7.61089386794
O 12.2267494262 9.62536816388 7.61089386794
H 11.9863846223 10.5547898986 7.61089386794
H 10.8466471741 -11.6516383819 9.02335183806
O 11.8066471741 -11.6516383819 9.02335183806
H 11.5662823702 -10.7222166471 9.02335183806
H -10.0520175607 -1.43359233327 -12.4593782612
O -9.09201756071 -1.43359233327 -12.4593782612
H -9.3323823646 -0.504170598507 -12.4593782612
H 10.0282381853 -12.2316693019 4.87545538295
O 10.9882381853 -12.2316693019 4.87545538295
H 10.7478733815 -11.3022475672 4.87545538295
H -2.51042517327 -7.73524566778 11.8580122205
O -1.55042517327 -7.73524566778 11.8580122205
H -1.79078997716 -6.80582393302 11.8580122205
H 12.8092215608 -11.783937759 4.08861359276
O 13.7692215608 -11.783937759 4.08861359276
H 13.5288567569 -10.8545160243 4.08861359276
H 12.2673404244 1.82436393078 -0.22512427823
O 13.2273404244 1.82436393078 -0.22512427823
H 12.9869756205 2.75378566555 -0.22512427823
H -11.6266449058 4.49246506921 3.14344996574
O -10.6666449058 4.49246506921 3.14344996574
H -10.9070097097 5.42188680398 3.14344996574
H -12.0084211321 1.05908752544 11.5366903517
O -11.0484211321 1.05908752544 11.5366903517
H -11.288785936 1.9885092602 11.5366903517
H -8.06818884073 -11.3223100016 -9.24556288924
O -7.10818884073 -11.3223100016 -9.24556288924
H -7.34855364462 -10.3928882668 -9.24556288924
H 6.44479062031 6.81514895322 12.5847463919
O 7.40479062031 6.81514895322 12.5847463919
H 7.16442581642 7.74457068799 12.5847463919
H 12.7864155807 11.4457040491 -3.02829900811
O 13.7464155807 11.4457040491 -3.02829900811
H 13.5060507768 12.3751257838 -3.02829900811
H 1.32595389564 12.1994220627 6.37828837624
O 2.28595389564 12.1994220627 6.37828837624
H 2.04558909175 13.1288437975 6.37828837624
H 1.01101848745 1.90042038583 -11.4953955738
O 1.97101848745 1.90042038583 -11.4953955738
H 1.73065368355 2.82984212059 -11.4953955738
H -11.9637558561 7.48007648964 11.0549430026
O -11.0037558561 7.48007648964 11.0549430026
H -11.24412066 8.4094982244 11.0549430026
H -12.2804894132 12.8185626378 -3.35994554249
O -11.3204894132 12.8185626378 -3.35994554249
H -11.5608542171 13.7479843725 -3.35994554249
H -8.18047140154 -11.5340017067 -4.22694800034
O -7.22047140154 -11.5340017067 -4.22694800034
H -7.46083620544 -10.6045799719 -4.22694800034
H -3.54475024168 -11.3574213115 -11.7485941821
O -2.58475024168 -11.3574213115 -11.7485941821
H -2.82511504557 -10.4279995768 -11.7485941821
H -12.0119089347 8.6027286761 9.19962384804
O -11.0519089347 8.6027286761 9.19962384804
H -11.2922737386 9.53215041086 9.19962384804
H 4.33513080714 4.69748312192 -12.2890036778
O 5.29513080714 4.69748312192 -12.2890036778
H 5.05476600325 5.62690485669 -12.2890036778
H -9.97563906634 -4.35102547635 12.3456253781
O -9.01563906634 -4.35102547635 12.3456253781
H -9.25600387024 -3.42160374159 12.3456253781
H -5.49100909683 -0.326775353192 -11.0049302001
O -4.53100909683 -0.326775353192 -11.0049302001
H -4.77137390072 0.602646381571 -11.0049302001
H 11.5748378696 -8.53890373076 10.9753223071
O 12.5348378696 -8.53890373076 10.9753223071
H 12.2944730657 -7.60948199599 10.9753223071
H -10.6134352874 -12.8361870182 11.9278686447
O -9.65343528742 -12.8361870182 11.9278686447
H -9.89380009132 -11.9067652834 11.9278686447
H -3.08022570409 12.0222466237 -12.7516363029
O -2.12022570409 12.0222466237 -12.7516363029
H -2.36059050798 12.9516683584 -12.7516363029
H 9.00388960694 5.70244259152 -12.410891097
O 9.96388960694 5.70244259152 -12.410891097
H 9.72352480305 6.63186432628 -12.410891097
H -4.81643793378 11.5825425225 -12.6458543144
O -3.85643793378 11.5825425225 -12.6458543144
H -4.09680273767 12.5119642573 -12.6458543144
H -7.26428026998 0.146054009485 -11.5025748605
O -6.30428026998 0.146054009485 -11.5025748605
H -6.54464507387 1.07547574425 -11.5025748605
H -12.1889409091 12.9391568634 -7.29456981133
O -11.2289409091 12.9391568634 -7.29456981133
H -11.469305713 13.8685785981 -7.29456981133
H 5.20090424552 6.24813714808 -12.2935698793
O 6.16090424552 6.24813714808 -12.2935698793
H 5.92053944163 7.17755888285 -12.2935698793
H 1.78983686379 12.561941908 -0.169376252583
O 2.74983686379 12.561941908 -0.169376252583
H 2.5094720599 13.4913636427 -0.169376252583
H -7.42249542497 -11.5082478617 -0.117516611033
O -6.46249542497 -11.5082478617 -0.117516611033
H -6.70286022887 -10.5788261269 -0.117516611033
H -11.3445927633 2.09058828113 8.97160999093
O -10.3845927633 2.09058828113 8.97160999093
H -10.6249575672 3.02001001589 8.97160999093
H -7.78479738423 -3.00113561714 -11.9237476273
O -6.82479738423 -3.00113561714 -11.9237476273
H -7.06516218812 -2.07171388238 -11.9237476273
H -11.5924402928 4.33114715683 -12.9950249053
O -10.6324402928 4.33114715683 -12.9950249053
H -10.8728050967 5.2605688916 -12.9950249053
H 12.263634038 -8.44804601752 5.87639224481
O 13.223634038 -8.44804601752 5.87639224481
H 12.9832692341 -7.51862428276 5.87639224481
H 12.9737728623 11.7737229877 1.07665619307
O 13.9337728623 11.7737229877 1.07665619307
H 13.6934080584 12.7031447224 1.07665619307
H 4.2332510891 -12.4361426123 -1.58274351081
O 5.1932510891 -12.4361426123 -1.58274351081
H 4.95288628521 -11.5067208776 -1.58274351081
H -8.38753637657 1.33410630371 -12.1155627398
O -7.42753637657 1.33410630371 -12.1155627398
H -7.66790118046 2.26352803847 -12.1155627398
H -11.8758780861 -2.7849741578 -2.76049915432
O -10.9158780861 -2.7849741578 -2.76049915432
H -11.15624289 -1.85555242303 -2.76049915432
H 9.92645761208 -9.08695483321 -11.3601625437
O 10.8864576121 -9.08695483321 -11.3601625437
H 10.6460928082 -8.15753309845 -11.3601625437
H 3.69633734285 11.9730195066 -11.4484475455
O 4.65633734285 11.9730195066 -11.4484475455
H 4.41597253896 12.9024412414 -11.4484475455
H 3.35491302566 -12.015913536 10.9786057436
O 4.31491302566 -12.015913536 10.9786057436
H 4.07454822177 -11.0864918013 10.9786057436
H -9.56879879059 11.5704329648 -6.33840079625
O -8.60879879059 11.5704329648 -6.33840079625
H -8.84916359448 12.4998546995 -6.33840079625
H 12.1280725851 6.25127112692 -11.7592481671
O 13.0880725851 6.25127112692 -11.7592481671
H 12.8477077812 7.18069286169 -11.7592481671
H -8.52703989514 12.309287041 7.92710907601
O -7.56703989514 12.309287041 7.92710907601
H -7.80740469903 13.2387087757 7.92710907601
H 5.85945589914 -11.6680424914 -11.1796690009
O 6.81945589914 -11.6680424914 -11.1796690009
H 6.57909109525 -10.7386207566 -11.1796690009
H 2.30636709744 -12.2237375662 -12.0795170314
O 3.26636709744 -12.2237375662 -12.0795170314
H 3.02600229355 -11.2943158314 -12.0795170314
H 12.0569182195 3.9411472463 5.82190631875
O 13.0169182195 3.9411472463 5.82190631875
H 12.7765534156 4.87056898107 5.82190631875
H -12.3030573107 2.6288561181 -8.63533418121
O -11.3430573107 2.6288561181 -8.63533418121
H -11.5834221146 3.55827785286 -8.63533418121
H 12.5287928495 11.3196095071 4.65663484695
O 13.4887928495 11.3196095071 4.65663484695
H 13.2484280457 12.2490312419 4.65663484695
H -11.362652458 -0.508025664501 10.0313988348
O -10.402652458 -0.508025664501 10.0313988348
H -10.6430172619 0.421396070262 10.0313988348
H 12.9766925375 -2.95026190054 -11.9461969997
O 13.9366925375 -2.95026190054 -11.9461969997
H 13.6963277337 -2.02084016578 -11.9461969997
H 11.1265500193 -1.82445719628 -6.26848145301
O 12.0865500193 -1.82445719628 -6.26848145301
H 11.8461852154 -0.895035461518 -6.26848145301
H 6.03297801338 -12.1131027607 12.4595015552
O 6.99297801338 -12.1131027607 12.4595015552
H 6.75261320949 -11.183681026 12.4595015552
H -4.48087572483 11.4401080605 10.9339763624
O -3.52087572483 11.4401080605 10.9339763624
H -3.76124052872 12.3695297953 10.9339763624
H -12.3601466324 9.10244786651 0.0566435077948
O -11.4001466324 9.10244786651 0.0566435077948
H -11.6405114363 10.0318696013 0.0566435077948
H -2.96592953427 -8.72218664292 11.7137247563
O -2.00592953427 -8.72218664292 11.7137247563
H -2.24629433816 -7.79276490816 11.7137247563
H -10.2292777177 11.5853826261 -7.40964762132
O -9.26927771768 11.5853826261 -7.40964762132
H -9.50964252158 12.5148043608 -7.40964762132
H -9.81528926753 -11.4464557638 8.30429241624
O -8.85528926753 -11.4464557638 8.30429241624
H -9.09565407143 -10.5170340291 8.30429241624
H 11.066689762 -0.655658820573 -11.9178977332
O 12.026689762 -0.655658820573 -11.9178977332
H 11.7863249581 0.27376291419 -11.9178977332
H 2.33286537176 12.1498163856 -0.425249202868
O 3.29286537176 12.1498163856 -0.425249202868
H 3.05250056786 13.0792381204 -0.425249202868
H 12.7523196773 8.2811646333 5.50228780647
O 13.7123196773 8.2811646333 5.50228780647
H 13.4719548734 9.21058636806 5.50228780647
H 1.19092315312 -12.7478587607 0.0419922062944
O 2.15092315312 -12.7478587607 0.0419922062944
H 1.91055834923 -11.8184370259 0.0419922062944
H -5.06035927471 11.22037813 10.1100649082
O -4.10035927471 11.22037813 10.1100649082
H -4.3407240786 12.1497998648 10.1100649082
H 6.00911246007 -7.62644272022 -11.3366947372
O 6.96911246007 -7.62644272022 -11.3366947372
H 6.72874765617 -6.69702098545 -11.3366947372
H 12.236243725 12.6066453617 4.522398273
O 13.196243725 12.6066453617 4.522398273
H 12.9558789211 13.5360670965 4.522398273
H 12.2981964813 -7.54587566692 11.2921321153
O 13.2581964813 -7.54587566692 11.2921321153
H 13.0178316774 -6.61645393216 11.2921321153
H 11.7470682919 -0.865031355814 8.74152418153
O 12.7070682919 -0.865031355814 8.74152418153
H 12.466703488 0.064390378949 8.74152418153
H 0.0202748060962 -11.3732290375 -11.3901408491
O 0.980274806096 -11.3732290375 -11.3901408491
H 0.739910002204 -10.4438073027 -11.3901408491
H -5.67345140146 12.4338920677 4.25077165038
O -4.71345140146 12.4338920677 4.25077165038
H -4.95381620535 13.3633138025 4.25077165038
H -11.9218541212 4.91635749138 -11.1950545207
O -10.9618541212 4.91635749138 -11.1950545207
H -11.2022189251 5.84577922614 -11.1950545207
H 12.6631297997 -3.41373168779 -12.9599282719
O 13.6231297997 -3.41373168779 -12.9599282719
H 13.3827649959 -2.48430995303 -12.9599282719
H -1.75021323958 5.79027375918 12.5447509368
O -0.790213239583 5.79027375918 12.5447509368
H -1.03057804348 6.71969549394 12.5447509368
H 1.83850264249 -12.2960384709 0.723488679265
O 2.79850264249 -12.2960384709 0.723488679265
H 2.5581378386 -11.3666167362 0.723488679265
H 4.92064364241 -11.7233901755 6.98418348235
O 5.88064364241 -11.7233901755 6.98418348235
H 5.64027883852 -10.7939684407 6.98418348235
H -9.13215206831 11.5776057891 6.44854902376
O -8.17215206831 11.5776057891 6.44854902376
H -8.4125168722 12.5070275238 6.44854902376
H 10.1539014465 11.8828977103 3.57399845559
O 11.1139014465 11.8828977103 3.57399845559
H 10.8735366426 12.812319445 3.57399845559
H -4.99955227625 4.30237055468 -12.8190626031
O -4.03955227625 4.30237055468 -12.8190626031
H -4.27991708014 5.23179228944 -12.8190626031
H 0.0254287854413 -11.4282009512 -5.25108684342
O 0.985428785441 -11.4282009512 -5.25108684342
H 0.745063981549 -10.4987792165 -5.25108684342
H -12.092501455 8.46430628491 -12.2522689999
O -11.132501455 8.46430628491 -12.2522689999
H -11.3728662589 9.39372801968 -12.2522689999
H 6.14403094637 -4.24779599525 -11.2006281309
O 7.10403094637 -4.24779599525 -11.2006281309
H 6.86366614247 -3.31837426049 -11.2006281309
H -1.1729941694 1.18617577076 -11.3421734493
O -0.212994169404 1.18617577076 -11.3421734493
H -0.453358973297 2.11559750552 -11.3421734493
H -11.1758465608 -5.0260074797 -3.88930883456
O -10.2158465608 -5.0260074797 -3.88930883456
H -10.4562113647 -4.09658574494 -3.88930883456
H 0.460495075885 3.74689933472 11.0377978032
O 1.42049507589 3.74689933472 11.0377978032
H 1.18013027199 4.67632106948 11.0377978032
H 12.1647818327 -8.78349098657 6.28625212866
O 13.1247818327 -8.78349098657 6.28625212866
H 12.8844170288 -7.85406925181 6.28625212866
H -12.9460410554 1.07941930296 -12.3473616479
O -11.9860410554 1.07941930296 -12.3473616479
H -12.2264058593 2.00884103772 -12.3473616479
H -6.54543283211 2.15704530234 12.7408959164
O -5.58543283211 2.15704530234 12.7408959164
H -5.825797636 3.08646703711 12.7408959164
H 11.1738387616 -5.11105558953 12.8813599936
O 12.1338387616 -5.11105558953 12.8813599936
H 11.8934739577 -4.18163385477 12.8813599936
H -11.6643300057 1.48819229535 10.0878926432
O -10.7043300057 1.48819229535 10.0878926432
H -10.9446948096 2.41761403011 10.0878926432
H 11.7816108798 6.18371091098 0.908330023814
O 12.7416108798 6.18371091098 0.908330023814
H 12.5012460759 7.11313264575 0.908330023814
H -8.55100541797 9.31913293322 12.2294253737
O -7.59100541797 9.31913293322 12.2294253737
H -7.83137022186 10.248554668 12.2294253737
H 1.84851460104 -8.23220358486 -12.4461901602
O 2.80851460104 -8.23220358486 -12.4461901602
H 2.56814979715 -7.3027818501 -12.4461901602
H 6.31854521223 3.38034630457 12.3607130061
O 7.27854521223 3.38034630457 12.3607130061
H 7.03818040834 4.30976803933 12.3607130061
H 11.9786560278 10.6498759932 -6.43164516832
O 12.9386560278 10.6498759932 -6.43164516832
H 12.6982912239 11.579297728 -6.43164516832
H -11.8003772496 -0.322052275373 -4.63352122553
O -10.8403772496 -0.322052275373 -4.63352122553
H -11.0807420535 0.60736945939 -4.63352122553
H 10.1347527184 12.997259932 12.9405250632
O 11.0947527184 12.997259932 12.9405250632
H 10.8543879145 13.9266816668 12.9405250632
H 12.4356142635 -8.28235039954 11.9949792948
O 13.3956142635 -8.28235039954 11.9949792948
H 13.1552494596 -7.35292866478 11.9949792948
H 11.3354947533 8.31486994758 4.00182421505
O 12.2954947533 8.31486994758 4.00182421505
H 12.0551299495 9.24429168235 4.00182421505
H -7.73961170348 -8.9516576511 12.474445571
O -6.77961170348 -8.9516576511 12.474445571
H -7.01997650737 -8.02223591633 12.474445571
H -11.1235520117 4.38404711574 0.390048955753
O -10.1635520117 4.38404711574 0.390048955753
H -10.4039168156 5.3134688505 0.390048955753
H 11.2162137079 -4.58393462869 12.0967875081
O 12.1762137079 -4.58393462869 12.0967875081
H 11.935848904 -3.65451289392 12.0967875081
H 11.9654525566 2.00429765564 -6.51737159242
O 12.9254525566 2.00429765564 -6.51737159242
H 12.6850877527 2.93371939041 -6.51737159242
H 12.1966602944 3.26489982923 -11.3694131649
O 13.1566602944 3.26489982923 -11.3694131649
H 12.9162954905 4.19432156399 -11.3694131649
H -5.7731067169 -9.3159165318 -12.1750906089
O -4.8131067169 -9.3159165318 -12.1750906089
H -5.05347152079 -8.38649479704 -12.1750906089
H -0.664925062078 1.5564098336 -11.5543331265
O 0.295074937922 1.5564098336 -11.5543331265
H 0.0547101340293 2.48583156837 -11.5543331265
H 0.532235999694 -11.6406218305 -3.45119260258
O 1.49223599969 -11.6406218305 -3.45119260258
H 1.2518711958 -10.7112000957 -3.45119260258
H -11.5848184668 -1.98801954921 2.64751714978
O -10.6248184668 -1.98801954921 2.64751714978
H -10.8651832707 -1.05859781445 2.64751714978
H -9.72442289545 5.46769282221 -11.0443930498
O -8.76442289545 5.46769282221 -11.0443930498
H -9.00478769935 6.39711455698 -11.0443930498
H 12.5702699412 -5.95763216689 -10.3809915791
O 13.5302699412 -5.95763216689 -10.3809915791
H 13.2899051374 -5.02821043212 -10.3809915791
H -0.285031966546 -11.440580604 -5.06686320635
O 0.674968033454 -11.440580604 -5.06686320635
H 0.434603229562 -10.5111588692 -5.06686320635
H 8.43623512263 11.3880069738 -1.57233297688
O 9.39623512263 11.3880069738 -1.57233297688
H 9.15587031874 12.3174287086 -1.57233297688
H -11.522492883 -8.40244576504 -11.7992005236
O -10.562492883 -8.40244576504 -11.7992005236
H -10.8028576869 -7.47302403028 -11.7992005236
H 4.43792845421 -7.23959672319 -11.809195712
O 5.39792845421 -7.23959672319 -11.809195712
H 5.15756365032 -6.31017498843 -11.809195712
H -11.3450065237 -5.38880578526 -1.07736957807
O -10.3850065237 -5.38880578526 -1.07736957807
H -10.6253713276 -4.4593840505 -1.07736957807
H -11.2337972412 12.2071576078 -5.69044821101
O -10.2737972412 12.2071576078 -5.69044821101
H -10.5141620451 13.1365793426 -5.69044821101
H -12.1852438894 -11.7837082043 5.71272231994
O -11.2252438894 -11.7837082043 5.71272231994
H -11.4656086933 -10.8542864695 5.71272231994
H -10.3463447947 11.9113964513 -2.45332491231
O -9.38634479471 11.9113964513 -2.45332491231
H -9.6267095986 12.8408181861 -2.45332491231
H 12.9252793213 9.10746756139 -6.44625636307
O 13.8852793213 9.10746756139 -6.44625636307
H 13.6449145174 10.0368892962 -6.44625636307
H -8.43978594365 -2.59078995761 11.7679010131
O -7.47978594365 -2.59078995761 11.7679010131
H -7.72015074754 -1.66136822284 11.7679010131
H -12.7970407654 -6.06866117314 -5.3262069047
O -11.8370407654 -6.06866117314 -5.3262069047
H -12.0774055693 -5.13923943838 -5.3262069047
H -10.8589660828 12.055441858 10.7638806397
O -9.8989660828 12.055441858 10.7638806397
H -10.1393308867 12.9848635928 10.7638806397
H -2.9599472987 12.1820013103 4.16129981197
O -1.9999472987 12.1820013103 4.16129981197
H -2.24031210259 13.1114230451 4.16129981197
H 1.68397517458 -12.7988887766 -3.34058270028
O 2.64397517458 -12.7988887766 -3.34058270028
H 2.40361037069 -11.8694670419 -3.34058270028
H 2.58872213662 -12.5165921977 -12.6803995762
O 3.54872213662 -12.5165921977 -12.6803995762
H 3.30835733272 -11.5871704629 -12.6803995762
H 3.53814041634 11.3134616094 -2.82690988657
O 4.49814041634 11.3134616094 -2.82690988657
H 4.25777561244 12.2428833442 -2.82690988657
H 2.79838476166 -1.11228858099 -12.0900586077
O 3.75838476166 -1.11228858099 -12.0900586077
H 3.51801995777 -0.182866846229 -12.0900586077
H 12.6332853209 9.62043750115 8.63991744341
O 13.5932853209 9.62043750115 8.63991744341
H 13.352920517 10.5498592359 8.63991744341
H 2.61420599405 -12.8430908684 -12.5429048941
O 3.57420599405 -12.8430908684 -12.5429048941
H 3.33384119015 -11.9136691337 -12.5429048941
H -3.52251662951 -6.66817405972 11.3612281292
O -2.56251662951 -6.66817405972 11.3612281292
H -2.8028814334 -5.73875232496 11.3612281292
H -2.44116766796 12.9730301435 4.11992699744
O -1.48116766796 12.9730301435 4.11992699744
H -1.72153247185 13.9024518783 4.11992699744
H 0.728286642911 -11.4995212557 -11.1883565126
O 1.68828664291 -11.4995212557 -11.1883565126
H 1.44792183902 -10.5700995209 -11.1883565126
H 2.03210423417 -11.0005028493 -5.24665613911
O 2.99210423417 -11.0005028493 -5.24665613911
H 2.75173943028 -10.0710811145 -5.24665613911
H -11.0332501817 0.389008168686 3.68660877171
O -10.0732501817 0.389008168686 3.68660877171
H -10.3136149856 1.31842990345 3.68660877171
H -9.66343156531 11.6628656804 6.49811681931
O -8.70343156531 11.6628656804 6.49811681931
H -8.9437963692 12.5922874152 6.49811681931
H -0.744550245286 2.44893021838 -12.2103886647
O 0.215449754714 2.44893021838 -12.2103886647
H -0.0249150491781 3.37835195314 -12.2103886647
H -3.57780834953 8.83610425987 -11.5031060428
O -2.61780834953 8.83610425987 -11.5031060428
H -2.85817315343 9.76552599463 -11.5031060428
H 11.0341235183 1.38971969408 0.739996122466
O 11.9941235183 1.38971969408 0.739996122466
H 11.7537587144 2.31914142884 0.739996122466
H 11.0192878868 -5.88262549462 -9.78964115642
O 11.9792878868 -5.88262549462 -9.78964115642
H 11.7389230829 -4.95320375986 -9.78964115642
H 12.0193442317 -5.24170054958 7.94344258696
O 12.9793442317 -5.24170054958 7.94344258696
H 12.7389794278 -4.31227881482 7.94344258696
H -3.65292732484 -12.5840389562 9.91047788651
O -2.69292732484 -12.5840389562 9.91047788651
H -2.93329212873 -11.6546172214 9.91047788651
H -11.7628245169 -5.13897842549 -8.69240465131
O -10.8028245169 -5.13897842549 -8.69240465131
H -11.0431893208 -4.20955669073 -8.69240465131
H -11.5494705817 12.2304360124 -9.00810649734
O -10.5894705817 12.2304360124 -9.00810649734
H -10.8298353856 13.1598577471 -9.00810649734
H 6.18752994518 1.27997257991 11.8266555791
O 7.14752994518 1.27997257991 11.8266555791
H 6.90716514129 2.20939431467 11.8266555791
H -5.87968572238 -3.09408134629 -11.6066126652
O -4.91968572238 -3.09408134629 -11.6066126652
H -5.16005052627 -2.16465961153 -11.6066126652
H -1.94222178658 -11.7458291328 11.964517968
O -0.982221786579 -11.7458291328 11.964517968
H -1.22258659047 -10.816407398 11.964517968
H -11.3492151666 -5.57015404145 11.8102274203
O -10.3892151666 -5.57015404145 11.8102274203
H -10.6295799705 -4.64073230669 11.8102274203
H -7.02895729057 -12.5252065436 -12.0652506798
O -6.06895729057 -12.5252065436 -12.0652506798
H -6.30932209446 -11.5957848089 -12.0652506798
H 6.01189986327 11.9580782177 12.574657338
O 6.97189986327 11.9580782177 12.574657338
H 6.73153505938 12.8874999524 12.574657338
H -1.33777503399 -12.5343764581 11.4218222439
O -0.377775033991 -12.5343764581 11.4218222439
H -0.618139837883 -11.6049547233 11.4218222439
H -8.96461492079 -11.7779033731 -0.675814566825
O -8.00461492079 -11.7779033731 -0.675814566825
H -8.24497972469 -10.8484816384 -0.675814566825
H 11.4945915783 6.13379306374 4.30029262762
O 12.4545915783 6.13379306374 4.30029262762
H 12.2142267744 7.0632147985 4.30029262762
H -4.54219050313 3.26999532898 -11.6456765608
O -3.58219050313 3.26999532898 -11.6456765608
H -3.82255530702 4.19941706374 -11.6456765608
H 6.38567031419 -6.66378178769 -11.3270041986
O 7.34567031419 -6.66378178769 -11.3270041986
H 7.1053055103 -5.73436005293 -11.3270041986
H 4.52725500235 -8.69397463914 -11.7824697343
O 5.48725500235 -8.69397463914 -11.7824697343
H 5.24689019845 -7.76455290438 -11.7824697343
H 6.8704608519 11.4514916871 -11.6614887016
O 7.8304608519 11.4514916871 -11.6614887016
H 7.59009604801 12.3809134218 -11.6614887016
H -12.0050526577 12.7245234135 -10.7230546279
O -11.0450526577 12.7245234135 -10.7230546279
H -11.2854174616 13.6539451483 -10.7230546279
H 11.0446220314 -6.51964693902 -1.60223087943
O 12.0046220314 -6.51964693902 -1.60223087943
H 11.7642572275 -5.59022520426 -1.60223087943
H -5.67567878941 -12.7984721957 -1.57322236321
O -4.71567878941 -12.7984721957 -1.57322236321
H -4.9560435933 -11.8690504609 -1.57322236321
H -11.0102259914 12.5613209634 -0.564834040354
O -10.0502259914 12.5613209634 -0.564834040354
H -10.2905907953 13.4907426981 -0.564834040354
H 12.2685826904 -12.4050011232 -1.31864957957
O 13.2285826904 -12.4050011232 -1.31864957957
H 12.9882178865 -11.4755793884 -1.31864957957
H -3.81441564782 1.50510235422 12.5759353478
O -2.85441564782 1.50510235422 12.5759353478
H -3.09478045171 2.43452408899 12.5759353478
H 10.9426715004 -11.0629855247 6.46319732221
O 11.9026715004 -11.0629855247 6.46319732221
H 11.6623066965 -10.13356379 6.46319732221
H -4.85664566199 -8.31739793618 -12.3555099867
O -3.89664566199 -8.31739793618 -12.3555099867
H -4.13701046589 -7.38797620142 -12.3555099867
H -11.8096396387 -12.5078858147 -7.54576528673
O -10.8496396387 -12.5078858147 -7.54576528673
H -11.0900044426 -11.5784640799 -7.54576528673
H -11.2146921935 -8.17302521099 -4.53432463529
O -10.2546921935 -8.17302521099 -4.53432463529
H -10.4950569974 -7.24360347623 -4.53432463529
H -0.686618171499 12.2618913302 -10.2653764559
O 0.273381828501 12.2618913302 -10.2653764559
H 0.0330170246091 13.191313065 -10.2653764559
H 12.3392114213 12.5250219044 -12.3983785157
O 13.2992114213 12.5250219044 -12.3983785157
H 13.0588466175 13.4544436391 -12.3983785157
H 10.4051996579 11.7770064002 -8.19200783257
O 11.3651996579 11.7770064002 -8.19200783257
H 11.124834854 12.7064281349 -8.19200783257
H 1.78557009745 -12.5855330826 2.55790332356
O 2.74557009745 -12.5855330826 2.55790332356
H 2.50520529356 -11.6561113478 2.55790332356
H 11.0825792888 -6.26869019376 -12.419976097
O 12.0425792888 -6.26869019376 -12.419976097
H 11.8022144849 -5.339268459 -12.419976097
H 7.4864833049 12.9729055412 -0.131860196348
O 8.4464833049 12.9729055412 -0.131860196348
H 8.20611850101 13.902327276 -0.131860196348
H -11.2631249578 -5.55697443268 -7.0631407711
O -10.3031249578 -5.55697443268 -7.0631407711
H -10.5434897616 -4.62755269792 -7.0631407711
H 12.4173243002 -10.6132554684 12.4375751042
O 13.3773243002 -10.6132554684 12.4375751042
H 13.1369594963 -9.68383373367 12.4375751042
H 10.7308558085 -12.5928432306 11.8422152552
O 11.6908558085 -12.5928432306 11.8422152552
H 11.4504910046 -11.6634214959 11.8422152552
H 6.34300842574 -12.2431896563 -0.399629398411
O 7.30300842574 -12.2431896563 -0.399629398411
H 7.06264362185 -11.3137679215 -0.399629398411
H 12.1735218536 -5.4506449575 5.86137838518
O 13.1335218536 -5.4506449575 5.86137838518
H 12.8931570497 -4.52122322274 5.86137838518
H 1.14830127836 11.4435804034 1.5203608189
O 2.10830127836 11.4435804034 1.5203608189
H 1.86793647446 12.3730021382 1.5203608189
H 11.4969838817 -5.29743136203 -11.275926348
O 12.4569838817 -5.29743136203 -11.275926348
H 12.2166190778 -4.36800962726 -11.275926348
H -4.40604003733 -0.69061447477 11.7479846186
O -3.44604003733 -0.69061447477 11.7479846186
H -3.68640484122 0.238807259993 11.7479846186
H 9.41079836325 -11.1691462568 -11.4597493454
O 10.3707983633 -11.1691462568 -11.4597493454
H 10.1304335594 -10.239724522 -11.4597493454
H 11.7476162987 -7.63654876133 1.1359007457
O 12.7076162987 -7.63654876133 1.1359007457
H 12.4672514948 -6.70712702656 1.1359007457
H -4.10177740441 -3.51854113496 -11.1048578113
O -3.14177740441 -3.51854113496 -11.1048578113
H -3.3821422083 -2.58911940019 -11.1048578113
H -12.2277495089 -1.55842233833 2.01221254627
O -11.2677495089 -1.55842233833 2.01221254627
H -11.5081143128 -0.629000603569 2.01221254627
H -11.754774426 1.27489230766 5.98891593653
O -10.794774426 1.27489230766 5.98891593653
H -11.0351392299 2.20431404242 5.98891593653
H -5.8464316686 -2.26809921235 -11.048845561
O -4.8864316686 -2.26809921235 -11.048845561
H -5.12679647249 -1.33867747758 -11.048845561
H 10.87764277 -5.87503734344 11.9445335205
O 11.83764277 -5.87503734344 11.9445335205
H 11.5972779661 -4.94561560868 11.9445335205
H 2.35924473587 11.2087878721 -0.427097326112
O 3.31924473587 11.2087878721 -0.427097326112
H 3.07887993198 12.1382096069 -0.427097326112
H -4.22830507512 11.4822597936 -9.08389016427
O -3.26830507512 11.4822597936 -9.08389016427
H -3.50866987902 12.4116815283 -9.08389016427
H 12.379376741 12.9867798435 6.99601250255
O 13.339376741 12.9867798435 6.99601250255
H 13.0990119371 13.9162015783 6.99601250255
H 11.1278585407 -4.17043358117 7.73294909278
O 12.0878585407 -4.17043358117 7.73294909278
H 11.8474937368 -3.2410118464 7.73294909278
H -2.71409088619 -11.8457493609 11.9285292396
O -1.75409088619 -11.8457493609 11.9285292396
H -1.99445569008 -10.9163276261 11.9285292396
H 12.7967268916 11.6628743346 -7.618952221
O 13.7567268916 11.6628743346 -7.618952221
H 13.5163620877 12.5922960693 -7.618952221
H 7.21965307039 -12.8165768345 4.19536831826
O 8.17965307039 -12.8165768345 4.19536831826
H 7.9392882665 -11.8871550997 4.19536831826
H -5.68710333633 7.01268966743 -11.138376468
O -4.72710333633 7.01268966743 -11.138376468
H -4.96746814023 7.94211140219 -11.138376468
H 4.33405411208 3.61311153635 12.8480832303
O 5.29405411208 3.61311153635 12.8480832303
H 5.05368930819 4.54253327111 12.8480832303
H -12.8801325632 7.06762519004 -0.445799021459
O -11.9201325632 7.06762519004 -0.445799021459
H -12.1604973671 7.9970469248 -0.445799021459
H 11.1435121618 -2.84434272942 12.2006169992
O 12.1035121618 -2.84434272942 12.2006169992
H 11.8631473579 -1.91492099466 12.2006169992
H -11.6491897666 11.1750258814 12.7722402383
O -10.6891897666 11.1750258814 12.7722402383
H -10.9295545705 12.1044476161 12.7722402383
H -9.36867555688 -10.476556047 -11.3076676894
O -8.40867555688 -10.476556047 -11.3076676894
H -8.64904036077 -9.54713431219 -11.3076676894
H 6.06983879091 -12.6883895154 8.0886974225
O 7.02983879091 -12.6883895154 8.0886974225
H 6.78947398702 -11.7589677807 8.0886974225
H -5.70530954678 3.45457049302 12.0616447902
O -4.74530954678 3.45457049302 12.0616447902
H -4.98567435068 4.38399222778 12.0616447902
H 9.52652383884 5.28037314533 12.3021392432
O 10.4865238388 5.28037314533 12.3021392432
H 10.2461590349 6.20979488009 12.3021392432
H 1.63805217443 11.7161421489 8.83618077864
O 2.59805217443 11.7161421489 8.83618077864
H 2.35768737054 12.6455638837 8.83618077864
H -12.2499962518 -0.421855800923 -10.5927293388
O -11.2899962518 -0.421855800923 -10.5927293388
H -11.5303610557 0.50756593384 -10.5927293388
H 11.2010281318 -6.75422012673 -11.1549685654
O 12.1610281318 -6.75422012673 -11.1549685654
H 11.9206633279 -5.82479839197 -11.1549685654
H -8.28322152898 12.4899164349 5.4528529032
O -7.32322152898 12.4899164349 5.4528529032
H -7.56358633287 13.4193381697 5.4528529032
H -5.14451497561 12.5409208048 8.79139242679
O -4.18451497561 12.5409208048 8.79139242679
H -4.4248797795 13.4703425396 8.79139242679
H 3.80393099464 -11.5713838257 10.7803427644
O 4.76393099464 -11.5713838257 10.7803427644
H 4.52356619075 -10.641962091 10.7803427644
H -10.4528262698 -10.5097295321 -11.2226261448
O -9.49282626976 -10.5097295321 -11.2226261448
H -9.73319107365 -9.58030779738 -11.2226261448
H 4.78972711549 -12.8983121754 -2.47275261692
O 5.74972711549 -12.8983121754 -2.47275261692
H 5.5093623116 -11.9688904406 -2.47275261692
H -11.0327807985 10.0155853167 -2.10079879667
O -10.0727807985 10.0155853167 -2.10079879667
H -10.3131456024 10.9450070515 -2.10079879667
H -6.69516101761 3.38210005127 12.1148953296
O -5.73516101761 3.38210005127 12.1148953296
H -5.9755258215 4.31152178603 12.1148953296
H -7.10492241493 10.76957372 12.8414206277
O -6.14492241493 10.76957372 12.8414206277
H -6.38528721882 11.6989954548 12.8414206277
H 12.0739292038 7.97033835921 -11.2057562764
O 13.0339292038 7.97033835921 -11.2057562764
H 12.7935643999 8.89976009398 -11.2057562764
H 7.14353094597 -12.4063475125 12.7375836446
O 8.10353094597 -12.4063475125 12.7375836446
H 7.86316614208 -11.4769257777 12.7375836446
H -11.6103364711 6.11957380284 12.5093583653
O -10.6503364711 6.11957380284 12.5093583653
H -10.890701275 7.0489955376 12.5093583653
H -5.27616838271 11.3574596265 -9.54396193336
O -4.31616838271 11.3574596265 -9.54396193336
H -4.5565331866 12.2868813613 -9.54396193336
H 11.9929588321 12.1070209075 -1.2576453698
O 12.9529588321 12.1070209075 -1.2576453698
H 12.7125940282 13.0364426423 -1.2576453698
H -11.792552292 11.6821481143 -11.7674102024
O -10.832552292 11.6821481143 -11.7674102024
H -11.0729170959 12.611569849 -11.7674102024
H 11.7107154246 3.32099885513 3.46929902466
O 12.6707154246 3.32099885513 3.46929902466
H 12.4303506207 4.25042058989 3.46929902466
H -8.0527975621 12.5851673531 5.14707794824
O -7.0927975621 12.5851673531 5.14707794824
H -7.33316236599 13.5145890879 5.14707794824
H 5.04268625181 -11.4433570894 -6.8635032587
O 6.00268625181 -11.4433570894 -6.8635032587
H 5.76232144792 -10.5139353546 -6.8635032587
H 4.11135443036 0.986984362288 11.3467469745
O 5.07135443036 0.986984362288 11.3467469745
H 4.83098962647 1.91640609705 11.3467469745
H -12.2347852593 3.3384328118 -3.80490267581
O -11.2747852593 3.3384328118 -3.80490267581
H -11.5151500632 4.26785454656 -3.80490267581
H -6.65148248202 11.7139846673 10.6351131839
O -5.69148248202 11.7139846673 10.6351131839
H -5.93184728592 12.643406402 10.6351131839
H -11.1194263583 -4.94302622852 5.67009601489
O -10.1594263583 -4.94302622852 5.67009601489
H -10.3997911622 -4.01360449375 5.67009601489
H -11.1212828883 10.9790006479 7.25976506009
O -10.1612828883 10.9790006479 7.25976506009
H -10.4016476922 11.9084223827 7.25976506009
H -2.98640305489 12.9980999451 -12.560838182
O -2.02640305489 12.9980999451 -12.560838182
H -2.26676785878 13.9275216799 -12.560838182
H -1.0095856614 4.00327105774 -11.8433824701
O -0.0495856614013 4.00327105774 -11.8433824701
H -0.289950465294 4.93269279251 -11.8433824701
H 12.0061080121 -12.7689271853 -11.317826417
O 12.9661080121 -12.7689271853 -11.317826417
H 12.7257432082 -11.8395054505 -11.317826417
H -10.7011081474 -10.9999826335 -12.1303210613
O -9.74110814743 -10.9999826335 -12.1303210613
H -9.98147295132 -10.0705608987 -12.1303210613
H -11.9839879262 -12.6021889224 8.0221624911
O -11.0239879262 -12.6021889224 8.0221624911
H -11.2643527301 -11.6727671876 8.0221624911
H -2.5462484129 -12.1651726786 4.90544602665
O -1.5862484129 -12.1651726786 4.90544602665
H -1.82661321679 -11.2357509439 4.90544602665
H 8.5603228234 -11.777844762 10.4489189499
O 9.5203228234 -11.777844762 10.4489189499
H 9.27995801951 -10.8484230273 10.4489189499
H 12.5238539933 8.4484462013 6.17730206831
O 13.4838539933 8.4484462013 6.17730206831
H 13.2434891894 9.37786793606 6.17730206831
H 12.1950891862 -4.18908853554 11.3792236976
O 13.1550891862 -4.18908853554 11.3792236976
H 12.9147243823 -3.25966680078 11.3792236976
H -7.61265855364 9.90866170622 12.6573116499
O -6.65265855364 9.90866170622 12.6573116499
H -6.89302335754 10.838083441 12.6573116499
H -8.8078655546 -12.4160115495 -1.91198879008
O -7.8478655546 -12.4160115495 -1.91198879008
H -8.08823035849 -11.4865898147 -1.91198879008
H -12.9382541981 -11.1685501498 -0.628771092814
O -11.9782541981 -11.1685501498 -0.628771092814
H -12.218619002 -10.239128415 -0.628771092814
H 7.6918104088 11.5321867347 11.4983308361
O 8.6518104088 11.5321867347 11.4983308361
H 8.41144560491 12.4616084695 11.4983308361
H 12.9697101584 -5.93699829531 7.70485379103
O 13.9297101584 -5.93699829531 7.70485379103
H 13.6893453545 -5.00757656054 7.70485379103
H -10.1476791276 10.7802782813 -12.5318493731
O -9.18767912757 10.7802782813 -12.5318493731
H -9.42804393146 11.7097000161 -12.5318493731
H -7.96876147415 10.6377255227 11.56902049
O -7.00876147415 10.6377255227 11.56902049
H -7.24912627804 11.5671472574 11.56902049
H 11.4231120471 3.7731886051 4.20067739851
O 12.3831120471 3.7731886051 4.20067739851
H 12.1427472432 4.70261033986 4.20067739851
H -11.7608480544 -6.67538787036 -12.6500209048
O -10.8008480544 -6.67538787036 -12.6500209048
H -11.0412128583 -5.74596613559 -12.6500209048
H -1.42847378467 -12.3218388506 -3.87313049934
O -0.468473784668 -12.3218388506 -3.87313049934
H -0.70883858856 -11.3924171158 -3.87313049934
H 6.97781486065 -12.8096468356 11.8876417333
O 7.93781486065 -12.8096468356 11.8876417333
H 7.69745005676 -11.8802251009 11.8876417333
H -1.45307828303 -2.14996005702 11.2962721709
O -0.493078283031 -2.14996005702 11.2962721709
H -0.733443086923 -1.22053832225 11.2962721709
H 3.73402400949 8.89993011655 11.4611915021
O 4.69402400949 8.89993011655 11.4611915021
H 4.45365920559 9.82935185132 11.4611915021
H -12.3903502728 4.10957187147 -9.34942211845
O -11.4303502728 4.10957187147 -9.34942211845
H -11.6707150767 5.03899360623 -9.34942211845
H 12.9370819401 -7.77503539695 3.69371062268
O 13.8970819401 -7.77503539695 3.69371062268
H 13.6567171362 -6.84561366219 3.69371062268
H -0.316779858894 11.2814381777 -12.5819722313
O 0.643220141106 11.2814381777 -12.5819722313
H 0.402855337214 12.2108599125 -12.5819722313
H 6.50921117512 -5.125773382 12.2754622374
O 7.46921117512 -5.125773382 12.2754622374
H 7.22884637123 -4.19635164724 12.2754622374
H -12.7073877722 -5.2502055972 -11.0116164943
O -11.7473877722 -5.2502055972 -11.0116164943
H -11.9877525761 -4.32078386243 -11.0116164943
H -12.6321133956 -2.19512951458 9.6887701732
O -11.6721133956 -2.19512951458 9.6887701732
H -11.9124781995 -1.26570777981 9.6887701732
H 6.10390218783 -12.7014928411 -12.0467382127
O 7.06390218783 -12.7014928411 -12.0467382127
H 6.82353738394 -11.7720711063 -12.0467382127
H -5.55847529344 -4.06077194883 12.3355108242
O -4.59847529344 -4.06077194883 12.3355108242
H -4.83884009733 -3.13135021407 12.3355108242
H 12.5622469913 3.17431652166 -11.7451673881
O 13.5222469913 3.17431652166 -11.7451673881
H 13.2818821874 4.10373825643 -11.7451673881
H -10.9326473818 11.688087063 -7.12085014695
O -9.97264738178 11.688087063 -7.12085014695
H -10.2130121857 12.6175087977 -7.12085014695
H -12.0070393872 11.0303329502 0.525343331406
O -11.0470393872 11.0303329502 0.525343331406
H -11.2874041911 11.959754685 0.525343331406
H 8.78719310994 2.9226741215 11.3951955596
O 9.74719310994 2.9226741215 11.3951955596
H 9.50682830605 3.85209585626 11.3951955596
H 11.8347725204 -0.956688931652 -4.98223161186
O 12.7947725204 -0.956688931652 -4.98223161186
H 12.5544077165 -0.0272671968892 -4.98223161186
H -4.31553877918 -8.26805225258 -11.4013086218
O -3.35553877918 -8.26805225258 -11.4013086218
H -3.59590358308 -7.33863051781 -11.4013086218
H 11.6122789293 11.9842704786 5.99859050415
O 12.5722789293 11.9842704786 5.99859050415
H 12.3319141254 12.9136922133 5.99859050415
H -12.3661419823 0.560453723101 7.31157243403
O -11.4061419823 0.560453723101 7.31157243403
H -11.6465067861 1.48987545786 7.31157243403
H 11.0542109217 4.52400891446 8.15957358069
O 12.0142109217 4.52400891446 8.15957358069
H 11.7738461178 5.45343064922 8.15957358069
H 12.0132630035 9.88709820418 7.39465240097
O 12.9732630035 9.88709820418 7.39465240097
H 12.7328981996 10.8165199389 7.39465240097
H -12.6460745648 -2.35354042531 12.0450442608
O -11.6860745648 -2.35354042531 12.0450442608
H -11.9264393686 -1.42411869055 12.0450442608
H 12.2769248148 -5.57253559067 -2.69381260872
O 13.2369248148 -5.57253559067 -2.69381260872
H 12.9965600109 -4.6431138559 -2.69381260872
H 7.82904009346 1.25972255141 12.441235445
O 8.78904009346 1.25972255141 12.441235445
H 8.54867528957 2.18914428617 12.441235445
H -12.1309545448 10.8104110648 -2.87271599539
O -11.1709545448 10.8104110648 -2.87271599539
H -11.4113193487 11.7398327995 -2.87271599539
H 1.63091514109 -2.61981295361 11.4232805601
O 2.59091514109 -2.61981295361 11.4232805601
H 2.3505503372 -1.69039121885 11.4232805601
H -6.92635702256 3.06555254635 12.3173029862
O -5.96635702256 3.06555254635 12.3173029862
H -6.20672182645 3.99497428112 12.3173029862
H 0.719335795886 11.7082511766 11.0477644985
O 1.67933579589 11.7082511766 11.0477644985
H 1.43897099199 12.6376729114 11.0477644985
H 12.8489686039 -12.2417988466 9.3085956558
O 13.8089686039 -12.2417988466 9.3085956558
H 13.5686038 -11.3123771118 9.3085956558
H 3.42990965512 12.0770145407 -6.64400714147
O 4.38990965512 12.0770145407 -6.64400714147
H 4.14954485123 13.0064362755 -6.64400714147
H -0.831991384389 -11.9554049442 -8.30014203659
O 0.128008615611 -11.9554049442 -8.30014203659
H -0.112356188282 -11.0259832095 -8.30014203659
H 12.2113588646 6.31190306973 3.46788303781
O 13.1713588646 6.31190306973 3.46788303781
H 12.9309940607 7.24132480449 3.46788303781
H 11.8785173192 -12.8831480127 -11.8294865732
O 12.8385173192 -12.8831480127 -11.8294865732
H 12.5981525154 -11.953726278 -11.8294865732
H 4.20260589548 -9.24375087352 -12.26529316
O 5.16260589548 -9.24375087352 -12.26529316
H 4.92224109159 -8.31432913876 -12.26529316
H 0.513223529519 -11.4852296567 11.8061904883
O 1.47322352952 -11.4852296567 11.8061904883
H 1.23285872563 -10.5558079219 11.8061904883
H -2.73131255963 12.8266591572 8.71780744454
O -1.77131255963 12.8266591572 8.71780744454
H -2.01167736352 13.7560808919 8.71780744454
H 11.6947798186 8.05737714908 3.22862091928
O 12.6547798186 8.05737714908 3.22862091928
H 12.4144150147 8.98679888384 3.22862091928
H -11.8770500906 -12.071725932 -10.6496539856
O -10.9170500906 -12.071725932 -10.6496539856
H -11.1574148945 -11.1423041972 -10.6496539856
H 11.7677268281 -11.1755457114 10.8234627334
O 12.7277268281 -11.1755457114 10.8234627334
H 12.4873620242 -10.2461239766 10.8234627334
H -7.07853738386 1.31165115541 12.2750013039
O -6.11853738386 1.31165115541 12.2750013039
H -6.35890218775 2.24107289018 12.2750013039
H 10.4526747043 0.420496377556 -12.4593672597
O 11.4126747043 0.420496377556 -12.4593672597
H 11.1723099004 1.34991811232 -12.4593672597
H -2.6239061956 -11.0742980724 10.5993426459
O -1.6639061956 -11.0742980724 10.5993426459
H -1.90427099949 -10.1448763377 10.5993426459
H 2.8661555359 11.960207829 -8.9052210788
O 3.8261555359 11.960207829 -8.9052210788
H 3.58579073201 12.8896295638 -8.9052210788
H 12.8659758609 9.5455439523 0.400476337655
O 13.8259758609 9.5455439523 0.400476337655
H 13.585611057 10.4749656871 0.400476337655
H -11.5447278274 0.0621253535619 -7.71691617474
O -10.5847278274 0.0621253535619 -7.71691617474
H -10.8250926313 0.991547088325 -7.71691617474
H 11.7797143916 -11.5011641949 -6.19822010313
O 12.7397143916 -11.5011641949 -6.19822010313
H 12.4993495877 -10.5717424601 -6.19822010313
H 5.26100615757 -8.83257645342 -12.109812467
O 6.22100615757 -8.83257645342 -12.109812467
H 5.98064135368 -7.90315471866 -12.109812467
H 12.3834729741 7.17844140745 10.5334519394
O 13.3434729741 7.17844140745 10.5334519394
H 13.1031081702 8.10786314221 10.5334519394
H 6.4510398761 12.7918440057 0.510110673687
O 7.4110398761 12.7918440057 0.510110673687
H 7.17067507221 13.7212657405 0.510110673687
H -0.783380633687 -11.4062498086 11.3692635047
O 0.176619366313 -11.4062498086 11.3692635047
H -0.0637454375797 -10.4768280738 11.3692635047
H 12.3207132305 -12.4605760283 -4.3424389004
O 13.2807132305 -12.4605760283 -4.3424389004
H 13.0403484266 -11.5311542935 -4.3424389004
H 5.70120536691 6.82106785832 12.1236253466
O 6.66120536691 6.82106785832 12.1236253466
H 6.42084056302 7.75048959308 12.1236253466
H 0.176518931902 11.9571833818 4.83640095808
O 1.1365189319 11.9571833818 4.83640095808
H 0.89615412801 12.8866051166 4.83640095808
H -6.49360875896 -1.88899331132 12.7605478361
O -5.53360875896 -1.88899331132 12.7605478361
H -5.77397356285 -0.959571576555 12.7605478361
H -2.97860380502 11.88032365 11.1881894795
O -2.01860380502 11.88032365 11.1881894795
H -2.25896860892 12.8097453847 11.1881894795
H 1.51389776832 11.4894549154 -11.1990057718
O 2.47389776832 11.4894549154 -11.1990057718
H 2.23353296443 12.4188766501 -11.1990057718
